72.0,178.0
178.0,122.0
122.0,36.0
36.0,14.0
14.0,11.0
11.0,14.0
14.0,32.0
32.0,110.0
110.0,188.0
188.0,80.0
80.0,23.0
23.0,12.0
12.0,10.0
10.0,15.0
15.0,45.0
45.0,151.0
151.0,169.0
169.0,53.0
53.0,18.0
18.0,12.0
12.0,9.0
9.0,17.0
17.0,60.0
60.0,182.0
182.0,143.0
143.0,38.0
38.0,13.0
13.0,9.0
9.0,9.0
9.0,19.0
19.0,71.0
71.0,201.0
201.0,126.0
126.0,30.0
30.0,12.0
12.0,9.0
9.0,8.0
8.0,18.0
18.0,70.0
70.0,211.0
211.0,131.0
131.0,30.0
30.0,11.0
11.0,8.0
8.0,8.0
8.0,13.0
13.0,47.0
47.0,192.0
192.0,179.0
179.0,40.0
40.0,13.0
13.0,9.0
9.0,7.0
7.0,7.0
7.0,14.0
14.0,71.0
71.0,255.0
255.0,131.0
131.0,24.0
24.0,9.0
9.0,7.0
7.0,7.0
7.0,5.0
5.0,4.0
4.0,3.0
3.0,8.0
8.0,20.0
20.0,13.0
13.0,10.0
10.0,13.0
13.0,20.0
20.0,31.0
31.0,42.0
42.0,57.0
57.0,68.0
68.0,70.0
70.0,59.0
59.0,48.0
48.0,46.0
46.0,51.0
51.0,61.0
61.0,70.0
70.0,67.0
67.0,57.0
57.0,48.0
48.0,47.0
47.0,53.0
53.0,65.0
65.0,72.0
72.0,67.0
67.0,57.0
57.0,47.0
47.0,47.0
47.0,54.0
54.0,67.0
67.0,73.0
73.0,66.0
66.0,54.0
54.0,48.0
48.0,47.0
47.0,55.0
55.0,68.0
68.0,74.0
74.0,65.0
65.0,54.0
54.0,46.0
46.0,48.0
48.0,57.0
57.0,70.0
70.0,75.0
75.0,65.0
65.0,52.0
52.0,45.0
45.0,47.0
47.0,58.0
58.0,72.0
72.0,74.0
74.0,64.0
64.0,50.0
50.0,44.0
44.0,47.0
47.0,60.0
60.0,74.0
74.0,76.0
76.0,63.0
63.0,48.0
48.0,44.0
44.0,48.0
48.0,61.0
61.0,77.0
77.0,77.0
77.0,61.0
61.0,48.0
48.0,43.0
43.0,48.0
48.0,64.0
64.0,79.0
79.0,77.0
77.0,60.0
60.0,47.0
47.0,42.0
42.0,49.0
49.0,67.0
67.0,82.0
82.0,77.0
77.0,58.0
58.0,45.0
45.0,42.0
42.0,51.0
51.0,69.0
69.0,84.0
84.0,77.0
77.0,56.0
56.0,43.0
43.0,42.0
42.0,52.0
52.0,72.0
72.0,86.0
86.0,77.0
77.0,56.0
56.0,42.0
42.0,42.0
42.0,54.0
54.0,74.0
74.0,88.0
88.0,76.0
76.0,54.0
54.0,41.0
41.0,42.0
42.0,55.0
55.0,78.0
78.0,90.0
90.0,75.0
75.0,52.0
52.0,41.0
41.0,41.0
41.0,56.0
56.0,81.0
81.0,92.0
92.0,74.0
74.0,51.0
51.0,39.0
39.0,42.0
42.0,57.0
57.0,83.0
83.0,94.0
94.0,72.0
72.0,49.0
49.0,38.0
38.0,42.0
42.0,58.0
58.0,86.0
86.0,95.0
95.0,70.0
70.0,47.0
47.0,36.0
36.0,40.0
40.0,59.0
59.0,89.0
89.0,97.0
97.0,70.0
70.0,44.0
44.0,36.0
36.0,40.0
40.0,59.0
59.0,90.0
90.0,97.0
97.0,68.0
68.0,43.0
43.0,35.0
35.0,38.0
38.0,59.0
59.0,92.0
92.0,99.0
99.0,68.0
68.0,42.0
42.0,33.0
33.0,38.0
38.0,59.0
59.0,95.0
95.0,100.0
100.0,67.0
67.0,41.0
41.0,31.0
31.0,36.0
36.0,59.0
59.0,97.0
97.0,101.0
101.0,65.0
65.0,39.0
39.0,31.0
31.0,36.0
36.0,58.0
58.0,98.0
98.0,103.0
103.0,65.0
65.0,38.0
38.0,29.0
29.0,35.0
35.0,59.0
59.0,100.0
100.0,106.0
106.0,65.0
65.0,36.0
36.0,29.0
29.0,33.0
33.0,57.0
57.0,100.0
100.0,109.0
109.0,66.0
66.0,36.0
36.0,28.0
28.0,32.0
32.0,56.0
56.0,100.0
100.0,112.0
112.0,68.0
68.0,37.0
37.0,27.0
27.0,30.0
30.0,54.0
54.0,100.0
100.0,116.0
116.0,71.0
71.0,37.0
37.0,27.0
27.0,30.0
30.0,51.0
51.0,98.0
98.0,120.0
120.0,74.0
74.0,37.0
37.0,26.0
26.0,28.0
28.0,48.0
48.0,95.0
95.0,124.0
124.0,79.0
79.0,39.0
39.0,27.0
27.0,27.0
27.0,44.0
44.0,91.0
91.0,128.0
128.0,85.0
85.0,41.0
41.0,26.0
26.0,26.0
26.0,41.0
41.0,85.0
85.0,130.0
130.0,91.0
91.0,44.0
44.0,26.0
26.0,25.0
25.0,37.0
37.0,77.0
77.0,131.0
131.0,101.0
101.0,47.0
47.0,27.0
27.0,24.0
24.0,34.0
34.0,68.0
68.0,129.0
129.0,112.0
112.0,53.0
53.0,28.0
28.0,23.0
23.0,30.0
30.0,61.0
61.0,123.0
123.0,123.0
123.0,60.0
60.0,30.0
30.0,22.0
22.0,26.0
26.0,52.0
52.0,113.0
113.0,133.0
133.0,68.0
68.0,31.0
31.0,21.0
21.0,24.0
24.0,44.0
44.0,101.0
101.0,140.0
140.0,81.0
81.0,34.0
34.0,21.0
21.0,21.0
21.0,36.0
36.0,86.0
86.0,144.0
144.0,95.0
95.0,39.0
39.0,22.0
22.0,19.0
19.0,30.0
30.0,71.0
71.0,140.0
140.0,114.0
114.0,48.0
48.0,23.0
23.0,19.0
19.0,25.0
25.0,55.0
55.0,127.0
127.0,133.0
133.0,60.0
60.0,26.0
26.0,18.0
18.0,21.0
21.0,42.0
42.0,107.0
107.0,147.0
147.0,76.0
76.0,31.0
31.0,18.0
18.0,19.0
19.0,32.0
32.0,84.0
84.0,152.0
152.0,99.0
99.0,39.0
39.0,19.0
19.0,17.0
17.0,26.0
26.0,62.0
62.0,143.0
143.0,127.0
127.0,51.0
51.0,23.0
23.0,17.0
17.0,21.0
21.0,44.0
44.0,118.0
118.0,152.0
152.0,71.0
71.0,27.0
27.0,16.0
16.0,18.0
18.0,33.0
33.0,88.0
88.0,160.0
160.0,99.0
99.0,37.0
37.0,19.0
19.0,17.0
17.0,24.0
24.0,61.0
61.0,146.0
146.0,135.0
135.0,52.0
52.0,23.0
23.0,15.0
15.0,19.0
19.0,40.0
40.0,111.0
111.0,162.0
162.0,77.0
77.0,29.0
29.0,17.0
17.0,16.0
16.0,27.0
27.0,75.0
75.0,163.0
163.0,118.0
118.0,42.0
42.0,20.0
20.0,16.0
16.0,20.0
20.0,46.0
46.0,130.0
130.0,160.0
160.0,65.0
65.0,24.0
24.0,15.0
15.0,16.0
16.0,29.0
29.0,83.0
83.0,172.0
172.0,108.0
108.0,36.0
36.0,18.0
18.0,14.0
14.0,20.0
20.0,47.0
47.0,136.0
136.0,161.0
161.0,62.0
62.0,23.0
23.0,15.0
15.0,14.0
14.0,27.0
27.0,81.0
81.0,178.0
178.0,112.0
112.0,36.0
36.0,17.0
17.0,13.0
13.0,16.0
16.0,40.0
40.0,128.0
128.0,173.0
173.0,67.0
67.0,22.0
22.0,13.0
13.0,12.0
12.0,21.0
21.0,64.0
64.0,173.0
173.0,134.0
134.0,39.0
39.0,15.0
15.0,11.0
11.0,13.0
13.0,29.0
29.0,98.0
98.0,192.0
192.0,92.0
92.0,27.0
27.0,12.0
12.0,11.0
11.0,15.0
15.0,39.0
39.0,137.0
137.0,184.0
184.0,63.0
63.0,20.0
20.0,11.0
11.0,10.0
10.0,15.0
15.0,50.0
50.0,167.0
167.0,163.0
163.0,46.0
46.0,16.0
16.0,9.0
9.0,9.0
9.0,16.0
16.0,56.0
56.0,187.0
187.0,152.0
152.0,39.0
39.0,13.0
13.0,8.0
8.0,9.0
9.0,15.0
15.0,52.0
52.0,189.0
189.0,165.0
165.0,40.0
40.0,14.0
14.0,8.0
8.0,8.0
8.0,11.0
11.0,31.0
31.0,145.0
145.0,225.0
225.0,61.0
61.0,15.0
15.0,9.0
9.0,7.0
7.0,7.0
7.0,8.0
8.0,31.0
31.0,176.0
176.0,231.0
231.0,48.0
48.0,12.0
12.0,8.0
8.0,6.0
6.0,5.0
5.0,4.0
4.0,6.0
6.0,26.0
26.0,118.0
118.0,131.0
131.0,67.0
67.0,35.0
35.0,28.0
28.0,38.0
38.0,62.0
62.0,96.0
96.0,93.0
93.0,59.0
59.0,37.0
37.0,31.0
31.0,41.0
41.0,65.0
65.0,98.0
98.0,92.0
92.0,58.0
58.0,36.0
36.0,31.0
31.0,41.0
41.0,66.0
66.0,99.0
99.0,92.0
92.0,56.0
56.0,35.0
35.0,32.0
32.0,40.0
40.0,68.0
68.0,102.0
102.0,93.0
93.0,57.0
57.0,35.0
35.0,30.0
30.0,39.0
39.0,67.0
67.0,104.0
104.0,94.0
94.0,55.0
55.0,33.0
33.0,29.0
29.0,38.0
38.0,67.0
67.0,105.0
105.0,95.0
95.0,55.0
55.0,32.0
32.0,28.0
28.0,37.0
37.0,66.0
66.0,108.0
108.0,97.0
97.0,55.0
55.0,32.0
32.0,27.0
27.0,36.0
36.0,65.0
65.0,108.0
108.0,100.0
100.0,55.0
55.0,31.0
31.0,26.0
26.0,33.0
33.0,64.0
64.0,109.0
109.0,103.0
103.0,56.0
56.0,31.0
31.0,24.0
24.0,31.0
31.0,60.0
60.0,108.0
108.0,108.0
108.0,59.0
59.0,31.0
31.0,24.0
24.0,30.0
30.0,57.0
57.0,108.0
108.0,113.0
113.0,62.0
62.0,31.0
31.0,22.0
22.0,28.0
28.0,54.0
54.0,105.0
105.0,119.0
119.0,65.0
65.0,33.0
33.0,23.0
23.0,27.0
27.0,49.0
49.0,100.0
100.0,124.0
124.0,71.0
71.0,35.0
35.0,23.0
23.0,25.0
25.0,44.0
44.0,95.0
95.0,129.0
129.0,80.0
80.0,36.0
36.0,24.0
24.0,24.0
24.0,40.0
40.0,88.0
88.0,133.0
133.0,89.0
89.0,39.0
39.0,23.0
23.0,22.0
22.0,35.0
35.0,78.0
78.0,133.0
133.0,99.0
99.0,44.0
44.0,24.0
24.0,22.0
22.0,30.0
30.0,68.0
68.0,130.0
130.0,112.0
112.0,50.0
50.0,24.0
24.0,21.0
21.0,26.0
26.0,58.0
58.0,123.0
123.0,125.0
125.0,59.0
59.0,27.0
27.0,19.0
19.0,23.0
23.0,47.0
47.0,110.0
110.0,137.0
137.0,69.0
69.0,30.0
30.0,19.0
19.0,21.0
21.0,39.0
39.0,94.0
94.0,145.0
145.0,84.0
84.0,34.0
34.0,19.0
19.0,18.0
18.0,32.0
32.0,76.0
76.0,144.0
144.0,105.0
105.0,41.0
41.0,21.0
21.0,17.0
17.0,25.0
25.0,59.0
59.0,133.0
133.0,125.0
125.0,52.0
52.0,23.0
23.0,16.0
16.0,20.0
20.0,44.0
44.0,115.0
115.0,144.0
144.0,67.0
67.0,26.0
26.0,16.0
16.0,18.0
18.0,34.0
34.0,90.0
90.0,154.0
154.0,91.0
91.0,33.0
33.0,17.0
17.0,15.0
15.0,26.0
26.0,66.0
66.0,146.0
146.0,120.0
120.0,45.0
45.0,19.0
19.0,14.0
14.0,19.0
19.0,45.0
45.0,122.0
122.0,146.0
146.0,64.0
64.0,24.0
24.0,15.0
15.0,16.0
16.0,31.0
31.0,89.0
89.0,160.0
160.0,92.0
92.0,32.0
32.0,16.0
16.0,14.0
14.0,23.0
23.0,61.0
61.0,147.0
147.0,129.0
129.0,47.0
47.0,20.0
20.0,14.0
14.0,17.0
17.0,39.0
39.0,113.0
113.0,162.0
162.0,74.0
74.0,27.0
27.0,14.0
14.0,15.0
15.0,26.0
26.0,74.0
74.0,164.0
164.0,115.0
115.0,39.0
39.0,18.0
18.0,14.0
14.0,19.0
19.0,44.0
44.0,128.0
128.0,158.0
158.0,64.0
64.0,23.0
23.0,14.0
14.0,15.0
15.0,27.0
27.0,81.0
81.0,171.0
171.0,109.0
109.0,36.0
36.0,16.0
16.0,13.0
13.0,18.0
18.0,44.0
44.0,133.0
133.0,164.0
164.0,63.0
63.0,22.0
22.0,13.0
13.0,13.0
13.0,24.0
24.0,75.0
75.0,175.0
175.0,118.0
118.0,35.0
35.0,15.0
15.0,11.0
11.0,15.0
15.0,36.0
36.0,121.0
121.0,179.0
179.0,72.0
72.0,23.0
23.0,12.0
12.0,11.0
11.0,18.0
18.0,57.0
57.0,166.0
166.0,145.0
145.0,44.0
44.0,15.0
15.0,10.0
10.0,12.0
12.0,24.0
24.0,86.0
86.0,194.0
194.0,105.0
105.0,28.0
28.0,13.0
13.0,10.0
10.0,12.0
12.0,32.0
32.0,117.0
117.0,195.0
195.0,76.0
76.0,21.0
21.0,11.0
11.0,9.0
9.0,13.0
13.0,37.0
37.0,142.0
142.0,188.0
188.0,59.0
59.0,17.0
17.0,9.0
9.0,7.0
7.0,12.0
12.0,38.0
38.0,154.0
154.0,190.0
190.0,53.0
53.0,14.0
14.0,8.0
8.0,7.0
7.0,10.0
10.0,29.0
29.0,135.0
135.0,218.0
218.0,64.0
64.0,16.0
16.0,8.0
8.0,6.0
6.0,7.0
7.0,14.0
14.0,65.0
65.0,237.0
237.0,139.0
139.0,25.0
25.0,8.0
8.0,6.0
6.0,4.0
4.0,4.0
4.0,5.0
5.0,19.0
19.0,126.0
126.0,252.0
252.0,70.0
70.0,16.0
16.0,9.0
9.0,7.0
7.0,10.0
10.0,29.0
29.0,114.0
114.0,191.0
191.0,78.0
78.0,23.0
23.0,13.0
13.0,12.0
12.0,20.0
20.0,58.0
58.0,156.0
156.0,138.0
138.0,46.0
46.0,17.0
17.0,12.0
12.0,16.0
16.0,36.0
36.0,110.0
110.0,173.0
173.0,78.0
78.0,25.0
25.0,13.0
13.0,13.0
13.0,22.0
22.0,62.0
62.0,161.0
161.0,133.0
133.0,44.0
44.0,16.0
16.0,12.0
12.0,15.0
15.0,33.0
33.0,107.0
107.0,178.0
178.0,81.0
81.0,25.0
25.0,13.0
13.0,11.0
11.0,18.0
18.0,55.0
55.0,157.0
157.0,147.0
147.0,47.0
47.0,16.0
16.0,11.0
11.0,12.0
12.0,26.0
26.0,89.0
89.0,187.0
187.0,101.0
101.0,28.0
28.0,13.0
13.0,9.0
9.0,14.0
14.0,37.0
37.0,129.0
129.0,180.0
180.0,65.0
65.0,20.0
20.0,11.0
11.0,10.0
10.0,16.0
16.0,53.0
53.0,167.0
167.0,155.0
155.0,43.0
43.0,14.0
14.0,9.0
9.0,9.0
9.0,19.0
19.0,68.0
68.0,193.0
193.0,128.0
128.0,32.0
32.0,13.0
13.0,8.0
8.0,9.0
9.0,20.0
20.0,77.0
77.0,208.0
208.0,116.0
116.0,28.0
28.0,10.0
10.0,8.0
8.0,8.0
8.0,16.0
16.0,68.0
68.0,214.0
214.0,130.0
130.0,28.0
28.0,9.0
9.0,6.0
6.0,6.0
6.0,9.0
9.0,37.0
37.0,176.0
176.0,199.0
199.0,45.0
45.0,11.0
11.0,7.0
7.0,5.0
5.0,4.0
4.0,7.0
7.0,33.0
33.0,188.0
188.0,221.0
221.0,42.0
42.0,9.0
9.0,6.0
6.0,5.0
5.0,3.0
3.0,3.0
3.0,6.0
6.0,39.0
39.0,145.0
145.0,129.0
129.0,54.0
54.0,27.0
27.0,23.0
23.0,32.0
32.0,64.0
64.0,107.0
107.0,97.0
97.0,53.0
53.0,30.0
30.0,26.0
26.0,36.0
36.0,66.0
66.0,107.0
107.0,96.0
96.0,53.0
53.0,31.0
31.0,26.0
26.0,35.0
35.0,66.0
66.0,108.0
108.0,98.0
98.0,54.0
54.0,30.0
30.0,25.0
25.0,33.0
33.0,64.0
64.0,110.0
110.0,101.0
101.0,54.0
54.0,30.0
30.0,24.0
24.0,32.0
32.0,62.0
62.0,109.0
109.0,104.0
104.0,57.0
57.0,30.0
30.0,24.0
24.0,30.0
30.0,59.0
59.0,108.0
108.0,109.0
109.0,59.0
59.0,30.0
30.0,23.0
23.0,29.0
29.0,55.0
55.0,106.0
106.0,115.0
115.0,62.0
62.0,31.0
31.0,22.0
22.0,26.0
26.0,51.0
51.0,103.0
103.0,120.0
120.0,68.0
68.0,32.0
32.0,22.0
22.0,24.0
24.0,46.0
46.0,97.0
97.0,126.0
126.0,74.0
74.0,35.0
35.0,22.0
22.0,22.0
22.0,40.0
40.0,89.0
89.0,129.0
129.0,82.0
82.0,36.0
36.0,21.0
21.0,21.0
21.0,35.0
35.0,81.0
81.0,132.0
132.0,92.0
92.0,40.0
40.0,22.0
22.0,20.0
20.0,31.0
31.0,71.0
71.0,130.0
130.0,103.0
103.0,45.0
45.0,22.0
22.0,19.0
19.0,27.0
27.0,60.0
60.0,125.0
125.0,116.0
116.0,52.0
52.0,24.0
24.0,18.0
18.0,24.0
24.0,51.0
51.0,115.0
115.0,131.0
131.0,63.0
63.0,27.0
27.0,17.0
17.0,21.0
21.0,41.0
41.0,101.0
101.0,140.0
140.0,77.0
77.0,31.0
31.0,18.0
18.0,19.0
19.0,34.0
34.0,84.0
84.0,145.0
145.0,94.0
94.0,37.0
37.0,20.0
20.0,17.0
17.0,28.0
28.0,67.0
67.0,140.0
140.0,116.0
116.0,47.0
47.0,22.0
22.0,17.0
17.0,22.0
22.0,53.0
53.0,123.0
123.0,137.0
137.0,60.0
60.0,24.0
24.0,16.0
16.0,19.0
19.0,38.0
38.0,101.0
101.0,151.0
151.0,80.0
80.0,31.0
31.0,17.0
17.0,16.0
16.0,28.0
28.0,77.0
77.0,152.0
152.0,107.0
107.0,39.0
39.0,19.0
19.0,15.0
15.0,22.0
22.0,54.0
54.0,136.0
136.0,136.0
136.0,55.0
55.0,22.0
22.0,16.0
16.0,17.0
17.0,37.0
37.0,104.0
104.0,157.0
157.0,78.0
78.0,29.0
29.0,16.0
16.0,15.0
15.0,26.0
26.0,73.0
73.0,157.0
157.0,113.0
113.0,40.0
40.0,18.0
18.0,14.0
14.0,20.0
20.0,47.0
47.0,130.0
130.0,149.0
149.0,60.0
60.0,22.0
22.0,13.0
13.0,15.0
15.0,29.0
29.0,91.0
91.0,167.0
167.0,94.0
94.0,31.0
31.0,14.0
14.0,12.0
12.0,20.0
20.0,54.0
54.0,147.0
147.0,139.0
139.0,50.0
50.0,19.0
19.0,13.0
13.0,15.0
15.0,32.0
32.0,100.0
100.0,172.0
172.0,85.0
85.0,27.0
27.0,14.0
14.0,11.0
11.0,20.0
20.0,57.0
57.0,155.0
155.0,139.0
139.0,46.0
46.0,17.0
17.0,12.0
12.0,14.0
14.0,31.0
31.0,99.0
99.0,179.0
179.0,88.0
88.0,27.0
27.0,13.0
13.0,11.0
11.0,18.0
18.0,51.0
51.0,151.0
151.0,152.0
152.0,50.0
50.0,18.0
18.0,11.0
11.0,12.0
12.0,25.0
25.0,83.0
83.0,185.0
185.0,107.0
107.0,32.0
32.0,14.0
14.0,12.0
12.0,14.0
14.0,37.0
37.0,125.0
125.0,182.0
182.0,70.0
70.0,21.0
21.0,12.0
12.0,11.0
11.0,17.0
17.0,51.0
51.0,164.0
164.0,157.0
157.0,48.0
48.0,15.0
15.0,10.0
10.0,10.0
10.0,19.0
19.0,68.0
68.0,192.0
192.0,130.0
130.0,35.0
35.0,12.0
12.0,9.0
9.0,10.0
10.0,21.0
21.0,80.0
80.0,206.0
206.0,114.0
114.0,27.0
27.0,12.0
12.0,9.0
9.0,9.0
9.0,19.0
19.0,77.0
77.0,216.0
216.0,119.0
119.0,27.0
27.0,11.0
11.0,7.0
7.0,7.0
7.0,12.0
12.0,51.0
51.0,200.0
200.0,168.0
168.0,35.0
35.0,11.0
11.0,7.0
7.0,5.0
5.0,5.0
5.0,14.0
14.0,73.0
73.0,255.0
255.0,123.0
123.0,21.0
21.0,8.0
8.0,6.0
6.0,4.0
4.0,4.0
4.0,2.0
2.0,3.0
3.0,18.0
18.0,71.0
71.0,64.0
64.0,43.0
43.0,35.0
35.0,37.0
37.0,48.0
48.0,64.0
64.0,76.0
76.0,69.0
69.0,53.0
53.0,42.0
42.0,41.0
41.0,51.0
51.0,68.0
68.0,77.0
77.0,69.0
69.0,53.0
53.0,43.0
43.0,44.0
44.0,54.0
54.0,71.0
71.0,79.0
79.0,68.0
68.0,51.0
51.0,42.0
42.0,43.0
43.0,56.0
56.0,73.0
73.0,80.0
80.0,67.0
67.0,51.0
51.0,42.0
42.0,44.0
44.0,56.0
56.0,76.0
76.0,80.0
80.0,67.0
67.0,48.0
48.0,41.0
41.0,43.0
43.0,58.0
58.0,78.0
78.0,82.0
82.0,64.0
64.0,46.0
46.0,39.0
39.0,44.0
44.0,59.0
59.0,81.0
81.0,83.0
83.0,63.0
63.0,45.0
45.0,38.0
38.0,44.0
44.0,62.0
62.0,84.0
84.0,83.0
83.0,62.0
62.0,43.0
43.0,38.0
38.0,44.0
44.0,64.0
64.0,86.0
86.0,83.0
83.0,59.0
59.0,41.0
41.0,37.0
37.0,44.0
44.0,65.0
65.0,89.0
89.0,83.0
83.0,57.0
57.0,40.0
40.0,35.0
35.0,44.0
44.0,67.0
67.0,92.0
92.0,83.0
83.0,56.0
56.0,38.0
38.0,35.0
35.0,45.0
45.0,70.0
70.0,94.0
94.0,84.0
84.0,55.0
55.0,37.0
37.0,34.0
34.0,45.0
45.0,72.0
72.0,97.0
97.0,83.0
83.0,53.0
53.0,36.0
36.0,34.0
34.0,44.0
44.0,73.0
73.0,99.0
99.0,83.0
83.0,51.0
51.0,34.0
34.0,33.0
33.0,46.0
46.0,75.0
75.0,101.0
101.0,83.0
83.0,50.0
50.0,34.0
34.0,31.0
31.0,45.0
45.0,76.0
76.0,104.0
104.0,84.0
84.0,50.0
50.0,33.0
33.0,30.0
30.0,43.0
43.0,77.0
77.0,107.0
107.0,85.0
85.0,48.0
48.0,31.0
31.0,30.0
30.0,43.0
43.0,77.0
77.0,108.0
108.0,86.0
86.0,48.0
48.0,30.0
30.0,29.0
29.0,42.0
42.0,76.0
76.0,111.0
111.0,87.0
87.0,48.0
48.0,30.0
30.0,27.0
27.0,40.0
40.0,76.0
76.0,113.0
113.0,90.0
90.0,48.0
48.0,29.0
29.0,28.0
28.0,39.0
39.0,73.0
73.0,115.0
115.0,93.0
93.0,49.0
49.0,28.0
28.0,25.0
25.0,36.0
36.0,71.0
71.0,116.0
116.0,97.0
97.0,50.0
50.0,28.0
28.0,25.0
25.0,35.0
35.0,68.0
68.0,116.0
116.0,102.0
102.0,52.0
52.0,30.0
30.0,24.0
24.0,32.0
32.0,64.0
64.0,116.0
116.0,108.0
108.0,56.0
56.0,29.0
29.0,23.0
23.0,30.0
30.0,59.0
59.0,114.0
114.0,115.0
115.0,61.0
61.0,30.0
30.0,22.0
22.0,27.0
27.0,53.0
53.0,108.0
108.0,121.0
121.0,64.0
64.0,32.0
32.0,22.0
22.0,26.0
26.0,47.0
47.0,102.0
102.0,129.0
129.0,73.0
73.0,33.0
33.0,22.0
22.0,24.0
24.0,42.0
42.0,93.0
93.0,134.0
134.0,82.0
82.0,37.0
37.0,22.0
22.0,22.0
22.0,37.0
37.0,84.0
84.0,136.0
136.0,94.0
94.0,41.0
41.0,23.0
23.0,22.0
22.0,32.0
32.0,73.0
73.0,134.0
134.0,108.0
108.0,47.0
47.0,24.0
24.0,20.0
20.0,27.0
27.0,60.0
60.0,127.0
127.0,123.0
123.0,56.0
56.0,27.0
27.0,19.0
19.0,24.0
24.0,49.0
49.0,114.0
114.0,136.0
136.0,68.0
68.0,29.0
29.0,20.0
20.0,21.0
21.0,39.0
39.0,97.0
97.0,147.0
147.0,84.0
84.0,34.0
34.0,19.0
19.0,19.0
19.0,32.0
32.0,79.0
79.0,146.0
146.0,103.0
103.0,40.0
40.0,21.0
21.0,17.0
17.0,25.0
25.0,60.0
60.0,135.0
135.0,125.0
125.0,53.0
53.0,23.0
23.0,16.0
16.0,21.0
21.0,44.0
44.0,115.0
115.0,147.0
147.0,69.0
69.0,27.0
27.0,18.0
18.0,19.0
19.0,33.0
33.0,89.0
89.0,156.0
156.0,93.0
93.0,36.0
36.0,19.0
19.0,16.0
16.0,25.0
25.0,65.0
65.0,145.0
145.0,124.0
124.0,48.0
48.0,21.0
21.0,15.0
15.0,20.0
20.0,45.0
45.0,120.0
120.0,152.0
152.0,68.0
68.0,26.0
26.0,16.0
16.0,17.0
17.0,31.0
31.0,87.0
87.0,163.0
163.0,99.0
99.0,35.0
35.0,17.0
17.0,15.0
15.0,23.0
23.0,58.0
58.0,144.0
144.0,138.0
138.0,53.0
53.0,21.0
21.0,15.0
15.0,17.0
17.0,36.0
36.0,106.0
106.0,166.0
166.0,81.0
81.0,28.0
28.0,16.0
16.0,15.0
15.0,24.0
24.0,67.0
67.0,160.0
160.0,125.0
125.0,43.0
43.0,19.0
19.0,14.0
14.0,18.0
18.0,40.0
40.0,118.0
118.0,167.0
167.0,72.0
72.0,25.0
25.0,14.0
14.0,14.0
14.0,24.0
24.0,70.0
70.0,167.0
167.0,123.0
123.0,40.0
40.0,17.0
17.0,14.0
14.0,16.0
16.0,38.0
38.0,119.0
119.0,174.0
174.0,73.0
73.0,25.0
25.0,14.0
14.0,13.0
13.0,21.0
21.0,64.0
64.0,167.0
167.0,134.0
134.0,41.0
41.0,17.0
17.0,12.0
12.0,14.0
14.0,30.0
30.0,103.0
103.0,185.0
185.0,88.0
88.0,26.0
26.0,15.0
15.0,10.0
10.0,15.0
15.0,46.0
46.0,148.0
148.0,166.0
166.0,55.0
55.0,18.0
18.0,11.0
11.0,11.0
11.0,20.0
20.0,67.0
67.0,184.0
184.0,131.0
131.0,36.0
36.0,13.0
13.0,10.0
10.0,11.0
11.0,24.0
24.0,90.0
90.0,200.0
200.0,101.0
101.0,26.0
26.0,12.0
12.0,9.0
9.0,11.0
11.0,27.0
27.0,110.0
110.0,207.0
207.0,84.0
84.0,21.0
21.0,10.0
10.0,8.0
8.0,10.0
10.0,27.0
27.0,114.0
114.0,216.0
216.0,80.0
80.0,20.0
20.0,10.0
10.0,8.0
8.0,9.0
9.0,20.0
20.0,88.0
88.0,232.0
232.0,106.0
106.0,23.0
23.0,10.0
10.0,5.0
5.0,5.0
5.0,9.0
9.0,32.0
32.0,165.0
165.0,224.0
224.0,51.0
51.0,12.0
12.0,7.0
7.0,6.0
6.0,4.0
4.0,4.0
4.0,4.0
4.0,16.0
16.0,104.0
104.0,159.0
159.0,65.0
65.0,28.0
28.0,22.0
22.0,31.0
31.0,61.0
61.0,106.0
106.0,98.0
98.0,57.0
57.0,31.0
31.0,27.0
27.0,36.0
36.0,65.0
65.0,103.0
103.0,96.0
96.0,54.0
54.0,32.0
32.0,27.0
27.0,36.0
36.0,64.0
64.0,104.0
104.0,97.0
97.0,55.0
55.0,33.0
33.0,27.0
27.0,36.0
36.0,64.0
64.0,106.0
106.0,100.0
100.0,57.0
57.0,32.0
32.0,26.0
26.0,35.0
35.0,63.0
63.0,107.0
107.0,102.0
102.0,57.0
57.0,32.0
32.0,25.0
25.0,33.0
33.0,60.0
60.0,108.0
108.0,106.0
106.0,59.0
59.0,32.0
32.0,25.0
25.0,31.0
31.0,58.0
58.0,107.0
107.0,111.0
111.0,61.0
61.0,32.0
32.0,24.0
24.0,30.0
30.0,55.0
55.0,105.0
105.0,115.0
115.0,64.0
64.0,32.0
32.0,23.0
23.0,27.0
27.0,49.0
49.0,101.0
101.0,121.0
121.0,69.0
69.0,33.0
33.0,23.0
23.0,25.0
25.0,46.0
46.0,96.0
96.0,125.0
125.0,75.0
75.0,35.0
35.0,22.0
22.0,24.0
24.0,41.0
41.0,89.0
89.0,129.0
129.0,83.0
83.0,38.0
38.0,23.0
23.0,22.0
22.0,36.0
36.0,81.0
81.0,132.0
132.0,93.0
93.0,41.0
41.0,23.0
23.0,21.0
21.0,32.0
32.0,72.0
72.0,131.0
131.0,104.0
104.0,46.0
46.0,24.0
24.0,20.0
20.0,28.0
28.0,62.0
62.0,126.0
126.0,117.0
117.0,53.0
53.0,25.0
25.0,19.0
19.0,25.0
25.0,53.0
53.0,117.0
117.0,129.0
129.0,64.0
64.0,28.0
28.0,19.0
19.0,22.0
22.0,43.0
43.0,102.0
102.0,140.0
140.0,77.0
77.0,32.0
32.0,19.0
19.0,20.0
20.0,35.0
35.0,87.0
87.0,145.0
145.0,94.0
94.0,38.0
38.0,20.0
20.0,19.0
19.0,29.0
29.0,69.0
69.0,141.0
141.0,114.0
114.0,46.0
46.0,22.0
22.0,17.0
17.0,24.0
24.0,54.0
54.0,126.0
126.0,133.0
133.0,59.0
59.0,25.0
25.0,17.0
17.0,21.0
21.0,41.0
41.0,106.0
106.0,150.0
150.0,77.0
77.0,31.0
31.0,18.0
18.0,18.0
18.0,31.0
31.0,80.0
80.0,152.0
152.0,102.0
102.0,38.0
38.0,19.0
19.0,16.0
16.0,24.0
24.0,59.0
59.0,139.0
139.0,130.0
130.0,52.0
52.0,22.0
22.0,15.0
15.0,19.0
19.0,42.0
42.0,112.0
112.0,154.0
154.0,73.0
73.0,28.0
28.0,15.0
15.0,16.0
16.0,28.0
28.0,80.0
80.0,158.0
158.0,105.0
105.0,36.0
36.0,18.0
18.0,15.0
15.0,22.0
22.0,54.0
54.0,138.0
138.0,142.0
142.0,54.0
54.0,22.0
22.0,14.0
14.0,16.0
16.0,34.0
34.0,101.0
101.0,164.0
164.0,85.0
85.0,29.0
29.0,16.0
16.0,14.0
14.0,23.0
23.0,64.0
64.0,157.0
157.0,127.0
127.0,45.0
45.0,18.0
18.0,14.0
14.0,17.0
17.0,39.0
39.0,116.0
116.0,166.0
166.0,73.0
73.0,25.0
25.0,15.0
15.0,14.0
14.0,24.0
24.0,70.0
70.0,165.0
165.0,121.0
121.0,39.0
39.0,17.0
17.0,13.0
13.0,16.0
16.0,39.0
39.0,120.0
120.0,170.0
170.0,71.0
71.0,24.0
24.0,14.0
14.0,13.0
13.0,22.0
22.0,67.0
67.0,168.0
168.0,129.0
129.0,41.0
41.0,16.0
16.0,12.0
12.0,16.0
16.0,35.0
35.0,110.0
110.0,183.0
183.0,81.0
81.0,25.0
25.0,13.0
13.0,12.0
12.0,18.0
18.0,53.0
53.0,157.0
157.0,153.0
153.0,49.0
49.0,17.0
17.0,11.0
11.0,12.0
12.0,23.0
23.0,80.0
80.0,190.0
190.0,113.0
113.0,32.0
32.0,14.0
14.0,10.0
10.0,13.0
13.0,31.0
31.0,111.0
111.0,195.0
195.0,80.0
80.0,22.0
22.0,11.0
11.0,9.0
9.0,13.0
13.0,39.0
39.0,142.0
142.0,185.0
185.0,60.0
60.0,18.0
18.0,9.0
9.0,9.0
9.0,13.0
13.0,43.0
43.0,160.0
160.0,180.0
180.0,51.0
51.0,15.0
15.0,8.0
8.0,9.0
9.0,12.0
12.0,38.0
38.0,158.0
158.0,195.0
195.0,55.0
55.0,15.0
15.0,8.0
8.0,6.0
6.0,9.0
9.0,23.0
23.0,110.0
110.0,239.0
239.0,83.0
83.0,17.0
17.0,8.0
8.0,6.0
6.0,5.0
5.0,7.0
7.0,24.0
24.0,142.0
142.0,253.0
253.0,62.0
62.0,13.0
13.0,6.0
6.0,5.0
5.0,4.0
4.0,3.0
3.0,4.0
4.0,21.0
21.0,116.0
116.0,165.0
165.0,74.0
74.0,29.0
29.0,19.0
19.0,24.0
24.0,45.0
45.0,97.0
97.0,122.0
122.0,71.0
71.0,34.0
34.0,22.0
22.0,26.0
26.0,46.0
46.0,95.0
95.0,121.0
121.0,74.0
74.0,36.0
36.0,23.0
23.0,25.0
25.0,44.0
44.0,91.0
91.0,124.0
124.0,80.0
80.0,37.0
37.0,24.0
24.0,24.0
24.0,40.0
40.0,87.0
87.0,127.0
127.0,86.0
86.0,38.0
38.0,23.0
23.0,23.0
23.0,36.0
36.0,78.0
78.0,129.0
129.0,94.0
94.0,43.0
43.0,24.0
24.0,21.0
21.0,32.0
32.0,71.0
71.0,127.0
127.0,103.0
103.0,47.0
47.0,24.0
24.0,20.0
20.0,29.0
29.0,63.0
63.0,124.0
124.0,115.0
115.0,53.0
53.0,26.0
26.0,20.0
20.0,25.0
25.0,54.0
54.0,117.0
117.0,125.0
125.0,61.0
61.0,28.0
28.0,19.0
19.0,22.0
22.0,45.0
45.0,104.0
104.0,136.0
136.0,73.0
73.0,30.0
30.0,19.0
19.0,20.0
20.0,37.0
37.0,89.0
89.0,142.0
142.0,87.0
87.0,36.0
36.0,21.0
21.0,19.0
19.0,31.0
31.0,75.0
75.0,141.0
141.0,104.0
104.0,42.0
42.0,21.0
21.0,18.0
18.0,25.0
25.0,60.0
60.0,131.0
131.0,124.0
124.0,53.0
53.0,23.0
23.0,17.0
17.0,21.0
21.0,47.0
47.0,115.0
115.0,140.0
140.0,68.0
68.0,27.0
27.0,17.0
17.0,18.0
18.0,35.0
35.0,93.0
93.0,152.0
152.0,88.0
88.0,33.0
33.0,18.0
18.0,17.0
17.0,27.0
27.0,70.0
70.0,146.0
146.0,114.0
114.0,43.0
43.0,19.0
19.0,15.0
15.0,22.0
22.0,50.0
50.0,127.0
127.0,140.0
140.0,59.0
59.0,24.0
24.0,16.0
16.0,18.0
18.0,36.0
36.0,98.0
98.0,157.0
157.0,84.0
84.0,30.0
30.0,16.0
16.0,15.0
15.0,26.0
26.0,69.0
69.0,153.0
153.0,117.0
117.0,43.0
43.0,19.0
19.0,14.0
14.0,19.0
19.0,45.0
45.0,125.0
125.0,149.0
149.0,63.0
63.0,23.0
23.0,14.0
14.0,16.0
16.0,31.0
31.0,89.0
89.0,164.0
164.0,95.0
95.0,33.0
33.0,16.0
16.0,13.0
13.0,21.0
21.0,56.0
56.0,145.0
145.0,139.0
139.0,51.0
51.0,20.0
20.0,13.0
13.0,16.0
16.0,33.0
33.0,101.0
101.0,169.0
169.0,83.0
83.0,28.0
28.0,14.0
14.0,13.0
13.0,21.0
21.0,60.0
60.0,156.0
156.0,133.0
133.0,45.0
45.0,18.0
18.0,12.0
12.0,14.0
14.0,33.0
33.0,107.0
107.0,173.0
173.0,82.0
82.0,25.0
25.0,13.0
13.0,12.0
12.0,19.0
19.0,58.0
58.0,158.0
158.0,140.0
140.0,44.0
44.0,17.0
17.0,11.0
11.0,13.0
13.0,30.0
30.0,96.0
96.0,182.0
182.0,91.0
91.0,28.0
28.0,13.0
13.0,11.0
11.0,17.0
17.0,45.0
45.0,144.0
144.0,163.0
163.0,56.0
56.0,18.0
18.0,11.0
11.0,11.0
11.0,21.0
21.0,70.0
70.0,182.0
182.0,124.0
124.0,35.0
35.0,14.0
14.0,10.0
10.0,11.0
11.0,27.0
27.0,100.0
100.0,195.0
195.0,89.0
89.0,24.0
24.0,11.0
11.0,10.0
10.0,12.0
12.0,35.0
35.0,131.0
131.0,190.0
190.0,66.0
66.0,19.0
19.0,9.0
9.0,8.0
8.0,12.0
12.0,40.0
40.0,151.0
151.0,184.0
184.0,54.0
54.0,15.0
15.0,9.0
9.0,9.0
9.0,11.0
11.0,37.0
37.0,153.0
153.0,195.0
195.0,55.0
55.0,15.0
15.0,9.0
9.0,6.0
6.0,8.0
8.0,24.0
24.0,116.0
116.0,233.0
233.0,78.0
78.0,17.0
17.0,8.0
8.0,6.0
6.0,6.0
6.0,8.0
8.0,34.0
34.0,179.0
179.0,220.0
220.0,46.0
46.0,11.0
11.0,8.0
8.0,6.0
6.0,4.0
4.0,4.0
4.0,3.0
3.0,7.0
7.0,39.0
39.0,72.0
72.0,46.0
46.0,34.0
34.0,31.0
31.0,38.0
38.0,53.0
53.0,74.0
74.0,80.0
80.0,65.0
65.0,46.0
46.0,38.0
38.0,41.0
41.0,56.0
56.0,76.0
76.0,80.0
80.0,63.0
63.0,46.0
46.0,39.0
39.0,44.0
44.0,60.0
60.0,79.0
79.0,82.0
82.0,62.0
62.0,45.0
45.0,38.0
38.0,44.0
44.0,62.0
62.0,82.0
82.0,81.0
81.0,61.0
61.0,43.0
43.0,38.0
38.0,45.0
45.0,63.0
63.0,85.0
85.0,81.0
81.0,59.0
59.0,41.0
41.0,37.0
37.0,45.0
45.0,66.0
66.0,88.0
88.0,82.0
82.0,57.0
57.0,40.0
40.0,37.0
37.0,46.0
46.0,68.0
68.0,90.0
90.0,81.0
81.0,55.0
55.0,39.0
39.0,36.0
36.0,45.0
45.0,70.0
70.0,93.0
93.0,81.0
81.0,53.0
53.0,38.0
38.0,35.0
35.0,46.0
46.0,72.0
72.0,95.0
95.0,81.0
81.0,52.0
52.0,36.0
36.0,35.0
35.0,46.0
46.0,74.0
74.0,98.0
98.0,81.0
81.0,50.0
50.0,34.0
34.0,34.0
34.0,46.0
46.0,76.0
76.0,100.0
100.0,81.0
81.0,50.0
50.0,34.0
34.0,34.0
34.0,46.0
46.0,77.0
77.0,102.0
102.0,82.0
82.0,48.0
48.0,33.0
33.0,32.0
32.0,46.0
46.0,79.0
79.0,105.0
105.0,82.0
82.0,47.0
47.0,32.0
32.0,31.0
31.0,45.0
45.0,79.0
79.0,107.0
107.0,83.0
83.0,47.0
47.0,31.0
31.0,30.0
30.0,44.0
44.0,80.0
80.0,111.0
111.0,86.0
86.0,47.0
47.0,31.0
31.0,30.0
30.0,44.0
44.0,80.0
80.0,113.0
113.0,87.0
87.0,47.0
47.0,29.0
29.0,29.0
29.0,43.0
43.0,79.0
79.0,115.0
115.0,89.0
89.0,47.0
47.0,29.0
29.0,27.0
27.0,40.0
40.0,78.0
78.0,117.0
117.0,91.0
91.0,48.0
48.0,28.0
28.0,26.0
26.0,39.0
39.0,75.0
75.0,118.0
118.0,97.0
97.0,49.0
49.0,28.0
28.0,25.0
25.0,35.0
35.0,70.0
70.0,119.0
119.0,101.0
101.0,51.0
51.0,29.0
29.0,24.0
24.0,33.0
33.0,65.0
65.0,118.0
118.0,107.0
107.0,55.0
55.0,28.0
28.0,23.0
23.0,30.0
30.0,61.0
61.0,114.0
114.0,114.0
114.0,59.0
59.0,29.0
29.0,22.0
22.0,28.0
28.0,54.0
54.0,110.0
110.0,122.0
122.0,64.0
64.0,32.0
32.0,22.0
22.0,26.0
26.0,48.0
48.0,104.0
104.0,128.0
128.0,72.0
72.0,33.0
33.0,22.0
22.0,23.0
23.0,41.0
41.0,94.0
94.0,134.0
134.0,81.0
81.0,35.0
35.0,21.0
21.0,22.0
22.0,36.0
36.0,83.0
83.0,136.0
136.0,93.0
93.0,40.0
40.0,22.0
22.0,20.0
20.0,32.0
32.0,71.0
71.0,135.0
135.0,107.0
107.0,46.0
46.0,23.0
23.0,20.0
20.0,27.0
27.0,59.0
59.0,127.0
127.0,122.0
122.0,56.0
56.0,25.0
25.0,19.0
19.0,24.0
24.0,49.0
49.0,115.0
115.0,137.0
137.0,68.0
68.0,28.0
28.0,18.0
18.0,21.0
21.0,39.0
39.0,96.0
96.0,146.0
146.0,84.0
84.0,34.0
34.0,19.0
19.0,19.0
19.0,32.0
32.0,77.0
77.0,146.0
146.0,106.0
106.0,41.0
41.0,21.0
21.0,17.0
17.0,25.0
25.0,59.0
59.0,135.0
135.0,128.0
128.0,54.0
54.0,24.0
24.0,17.0
17.0,21.0
21.0,44.0
44.0,113.0
113.0,148.0
148.0,72.0
72.0,28.0
28.0,18.0
18.0,19.0
19.0,33.0
33.0,88.0
88.0,156.0
156.0,97.0
97.0,36.0
36.0,19.0
19.0,16.0
16.0,25.0
25.0,63.0
63.0,144.0
144.0,127.0
127.0,50.0
50.0,22.0
22.0,16.0
16.0,20.0
20.0,43.0
43.0,117.0
117.0,153.0
153.0,71.0
71.0,27.0
27.0,16.0
16.0,16.0
16.0,29.0
29.0,83.0
83.0,160.0
160.0,102.0
102.0,36.0
36.0,17.0
17.0,15.0
15.0,22.0
22.0,55.0
55.0,140.0
140.0,140.0
140.0,54.0
54.0,22.0
22.0,14.0
14.0,16.0
16.0,34.0
34.0,101.0
101.0,166.0
166.0,85.0
85.0,29.0
29.0,15.0
15.0,14.0
14.0,23.0
23.0,63.0
63.0,155.0
155.0,129.0
129.0,45.0
45.0,18.0
18.0,14.0
14.0,17.0
17.0,37.0
37.0,112.0
112.0,169.0
169.0,76.0
76.0,26.0
26.0,13.0
13.0,14.0
14.0,23.0
23.0,67.0
67.0,163.0
163.0,127.0
127.0,41.0
41.0,17.0
17.0,13.0
13.0,16.0
16.0,35.0
35.0,113.0
113.0,175.0
175.0,77.0
77.0,25.0
25.0,13.0
13.0,12.0
12.0,20.0
20.0,60.0
60.0,163.0
163.0,140.0
140.0,46.0
46.0,18.0
18.0,12.0
12.0,14.0
14.0,29.0
29.0,98.0
98.0,185.0
185.0,93.0
93.0,27.0
27.0,14.0
14.0,12.0
12.0,17.0
17.0,43.0
43.0,142.0
142.0,171.0
171.0,59.0
59.0,19.0
19.0,12.0
12.0,12.0
12.0,20.0
20.0,63.0
63.0,179.0
179.0,136.0
136.0,38.0
38.0,15.0
15.0,11.0
11.0,11.0
11.0,24.0
24.0,87.0
87.0,200.0
200.0,106.0
106.0,27.0
27.0,13.0
13.0,9.0
9.0,11.0
11.0,27.0
27.0,105.0
105.0,207.0
207.0,86.0
86.0,23.0
23.0,11.0
11.0,8.0
8.0,11.0
11.0,27.0
27.0,111.0
111.0,215.0
215.0,82.0
82.0,21.0
21.0,10.0
10.0,9.0
9.0,9.0
9.0,20.0
20.0,90.0
90.0,230.0
230.0,103.0
103.0,24.0
24.0,10.0
10.0,8.0
8.0,7.0
7.0,10.0
10.0,38.0
38.0,182.0
182.0,206.0
206.0,45.0
45.0,12.0
12.0,7.0
7.0,5.0
5.0,5.0
5.0,4.0
4.0,10.0
10.0,58.0
58.0,246.0
246.0,138.0
138.0,27.0
27.0,10.0
10.0,8.0
8.0,9.0
9.0,22.0
22.0,84.0
84.0,189.0
189.0,105.0
105.0,29.0
29.0,14.0
14.0,10.0
10.0,17.0
17.0,43.0
43.0,132.0
132.0,157.0
157.0,60.0
60.0,22.0
22.0,13.0
13.0,14.0
14.0,28.0
28.0,87.0
87.0,171.0
171.0,99.0
99.0,32.0
32.0,15.0
15.0,13.0
13.0,19.0
19.0,50.0
50.0,142.0
142.0,150.0
150.0,54.0
54.0,19.0
19.0,12.0
12.0,13.0
13.0,29.0
29.0,89.0
89.0,177.0
177.0,97.0
97.0,30.0
30.0,14.0
14.0,12.0
12.0,17.0
17.0,48.0
48.0,142.0
142.0,158.0
158.0,56.0
56.0,19.0
19.0,12.0
12.0,12.0
12.0,25.0
25.0,78.0
78.0,180.0
180.0,112.0
112.0,34.0
34.0,15.0
15.0,11.0
11.0,15.0
15.0,37.0
37.0,122.0
122.0,181.0
181.0,71.0
71.0,22.0
22.0,12.0
12.0,11.0
11.0,18.0
18.0,55.0
55.0,166.0
166.0,151.0
151.0,46.0
46.0,16.0
16.0,11.0
11.0,11.0
11.0,22.0
22.0,77.0
77.0,193.0
193.0,116.0
116.0,31.0
31.0,12.0
12.0,9.0
9.0,11.0
11.0,26.0
26.0,100.0
100.0,203.0
203.0,91.0
91.0,24.0
24.0,10.0
10.0,9.0
9.0,11.0
11.0,28.0
28.0,114.0
114.0,210.0
210.0,80.0
80.0,21.0
21.0,10.0
10.0,8.0
8.0,9.0
9.0,25.0
25.0,106.0
106.0,223.0
223.0,86.0
86.0,20.0
20.0,9.0
9.0,7.0
7.0,6.0
6.0,14.0
14.0,65.0
65.0,226.0
226.0,139.0
139.0,26.0
26.0,10.0
10.0,6.0
6.0,6.0
6.0,5.0
5.0,13.0
13.0,74.0
74.0,255.0
255.0,123.0
123.0,20.0
20.0,8.0
8.0,5.0
5.0,4.0
4.0,3.0
3.0,3.0
3.0,13.0
13.0,85.0
85.0,191.0
191.0,99.0
99.0,32.0
32.0,16.0
16.0,16.0
16.0,30.0
30.0,75.0
75.0,137.0
137.0,98.0
98.0,41.0
41.0,21.0
21.0,19.0
19.0,29.0
29.0,68.0
68.0,131.0
131.0,108.0
108.0,48.0
48.0,23.0
23.0,19.0
19.0,27.0
27.0,59.0
59.0,123.0
123.0,120.0
120.0,55.0
55.0,25.0
25.0,18.0
18.0,23.0
23.0,50.0
50.0,113.0
113.0,132.0
132.0,66.0
66.0,28.0
28.0,19.0
19.0,21.0
21.0,41.0
41.0,97.0
97.0,141.0
141.0,79.0
79.0,32.0
32.0,19.0
19.0,19.0
19.0,33.0
33.0,83.0
83.0,144.0
144.0,97.0
97.0,38.0
38.0,20.0
20.0,17.0
17.0,27.0
27.0,64.0
64.0,137.0
137.0,117.0
117.0,48.0
48.0,22.0
22.0,16.0
16.0,22.0
22.0,50.0
50.0,122.0
122.0,137.0
137.0,62.0
62.0,25.0
25.0,17.0
17.0,19.0
19.0,37.0
37.0,98.0
98.0,151.0
151.0,82.0
82.0,31.0
31.0,18.0
18.0,17.0
17.0,28.0
28.0,75.0
75.0,151.0
151.0,109.0
109.0,41.0
41.0,19.0
19.0,16.0
16.0,23.0
23.0,54.0
54.0,132.0
132.0,137.0
137.0,56.0
56.0,23.0
23.0,16.0
16.0,19.0
19.0,37.0
37.0,104.0
104.0,157.0
157.0,80.0
80.0,29.0
29.0,16.0
16.0,16.0
16.0,27.0
27.0,72.0
72.0,155.0
155.0,113.0
113.0,40.0
40.0,18.0
18.0,14.0
14.0,20.0
20.0,47.0
47.0,129.0
129.0,149.0
149.0,61.0
61.0,23.0
23.0,14.0
14.0,15.0
15.0,31.0
31.0,91.0
91.0,166.0
166.0,94.0
94.0,32.0
32.0,15.0
15.0,14.0
14.0,21.0
21.0,57.0
57.0,147.0
147.0,138.0
138.0,50.0
50.0,20.0
20.0,12.0
12.0,15.0
15.0,33.0
33.0,103.0
103.0,170.0
170.0,84.0
84.0,28.0
28.0,15.0
15.0,13.0
13.0,21.0
21.0,59.0
59.0,156.0
156.0,136.0
136.0,45.0
45.0,18.0
18.0,13.0
13.0,15.0
15.0,33.0
33.0,104.0
104.0,177.0
177.0,84.0
84.0,26.0
26.0,14.0
14.0,12.0
12.0,19.0
19.0,55.0
55.0,155.0
155.0,146.0
146.0,48.0
48.0,18.0
18.0,11.0
11.0,14.0
14.0,28.0
28.0,91.0
91.0,184.0
184.0,98.0
98.0,29.0
29.0,13.0
13.0,10.0
10.0,15.0
15.0,40.0
40.0,136.0
136.0,172.0
172.0,61.0
61.0,19.0
19.0,11.0
11.0,11.0
11.0,19.0
19.0,62.0
62.0,176.0
176.0,138.0
138.0,39.0
39.0,15.0
15.0,11.0
11.0,12.0
12.0,23.0
23.0,86.0
86.0,197.0
197.0,105.0
105.0,28.0
28.0,12.0
12.0,10.0
10.0,13.0
13.0,29.0
29.0,109.0
109.0,203.0
203.0,84.0
84.0,22.0
22.0,11.0
11.0,9.0
9.0,12.0
12.0,29.0
29.0,120.0
120.0,209.0
209.0,76.0
76.0,19.0
19.0,10.0
10.0,8.0
8.0,9.0
9.0,25.0
25.0,107.0
107.0,225.0
225.0,86.0
86.0,20.0
20.0,9.0
9.0,7.0
7.0,7.0
7.0,14.0
14.0,58.0
58.0,222.0
222.0,153.0
153.0,31.0
31.0,10.0
10.0,7.0
7.0,5.0
5.0,5.0
5.0,8.0
8.0,41.0
41.0,219.0
219.0,193.0
193.0,34.0
34.0,10.0
10.0,6.0
6.0,5.0
5.0,4.0
4.0,4.0
4.0,11.0
11.0,70.0
70.0,184.0
184.0,111.0
111.0,36.0
36.0,18.0
18.0,18.0
18.0,30.0
30.0,69.0
69.0,131.0
131.0,104.0
104.0,44.0
44.0,22.0
22.0,20.0
20.0,29.0
29.0,65.0
65.0,126.0
126.0,111.0
111.0,51.0
51.0,25.0
25.0,20.0
20.0,26.0
26.0,57.0
57.0,120.0
120.0,122.0
122.0,59.0
59.0,26.0
26.0,19.0
19.0,23.0
23.0,48.0
48.0,109.0
109.0,132.0
132.0,68.0
68.0,30.0
30.0,19.0
19.0,22.0
22.0,40.0
40.0,96.0
96.0,139.0
139.0,82.0
82.0,33.0
33.0,20.0
20.0,19.0
19.0,34.0
34.0,81.0
81.0,142.0
142.0,96.0
96.0,39.0
39.0,21.0
21.0,18.0
18.0,27.0
27.0,66.0
66.0,137.0
137.0,116.0
116.0,49.0
49.0,23.0
23.0,18.0
18.0,23.0
23.0,52.0
52.0,123.0
123.0,134.0
134.0,61.0
61.0,26.0
26.0,17.0
17.0,19.0
19.0,40.0
40.0,103.0
103.0,148.0
148.0,80.0
80.0,31.0
31.0,18.0
18.0,18.0
18.0,31.0
31.0,80.0
80.0,150.0
150.0,102.0
102.0,39.0
39.0,20.0
20.0,15.0
15.0,24.0
24.0,59.0
59.0,138.0
138.0,129.0
129.0,51.0
51.0,22.0
22.0,16.0
16.0,19.0
19.0,42.0
42.0,112.0
112.0,152.0
152.0,72.0
72.0,27.0
27.0,16.0
16.0,17.0
17.0,29.0
29.0,82.0
82.0,158.0
158.0,102.0
102.0,36.0
36.0,17.0
17.0,15.0
15.0,22.0
22.0,55.0
55.0,140.0
140.0,137.0
137.0,53.0
53.0,22.0
22.0,15.0
15.0,17.0
17.0,37.0
37.0,106.0
106.0,162.0
162.0,80.0
80.0,28.0
28.0,15.0
15.0,14.0
14.0,25.0
25.0,69.0
69.0,158.0
158.0,119.0
119.0,41.0
41.0,17.0
17.0,13.0
13.0,18.0
18.0,42.0
42.0,123.0
123.0,159.0
159.0,66.0
66.0,23.0
23.0,14.0
14.0,14.0
14.0,26.0
26.0,78.0
78.0,168.0
168.0,110.0
110.0,36.0
36.0,15.0
15.0,12.0
12.0,18.0
18.0,44.0
44.0,132.0
132.0,159.0
159.0,61.0
61.0,22.0
22.0,14.0
14.0,13.0
13.0,25.0
25.0,78.0
78.0,174.0
174.0,112.0
112.0,35.0
35.0,15.0
15.0,12.0
12.0,15.0
15.0,40.0
40.0,128.0
128.0,170.0
170.0,65.0
65.0,21.0
21.0,12.0
12.0,12.0
12.0,21.0
21.0,65.0
65.0,172.0
172.0,129.0
129.0,39.0
39.0,15.0
15.0,11.0
11.0,13.0
13.0,30.0
30.0,104.0
104.0,187.0
187.0,85.0
85.0,25.0
25.0,12.0
12.0,10.0
10.0,15.0
15.0,43.0
43.0,145.0
145.0,170.0
170.0,56.0
56.0,18.0
18.0,11.0
11.0,10.0
10.0,18.0
18.0,60.0
60.0,180.0
180.0,142.0
142.0,39.0
39.0,14.0
14.0,9.0
9.0,10.0
10.0,21.0
21.0,75.0
75.0,200.0
200.0,119.0
119.0,30.0
30.0,12.0
12.0,9.0
9.0,9.0
9.0,21.0
21.0,82.0
82.0,212.0
212.0,111.0
111.0,26.0
26.0,11.0
11.0,8.0
8.0,7.0
7.0,17.0
17.0,70.0
70.0,217.0
217.0,130.0
130.0,28.0
28.0,10.0
10.0,8.0
8.0,6.0
6.0,10.0
10.0,35.0
35.0,165.0
165.0,214.0
214.0,51.0
51.0,12.0
12.0,7.0
7.0,5.0
5.0,5.0
5.0,6.0
6.0,20.0
20.0,126.0
126.0,255.0
255.0,71.0
71.0,15.0
15.0,7.0
7.0,5.0
5.0,4.0
4.0,4.0
4.0,8.0
8.0,46.0
46.0,170.0
170.0,145.0
145.0,46.0
46.0,18.0
18.0,14.0
14.0,21.0
21.0,48.0
48.0,120.0
120.0,136.0
136.0,60.0
60.0,26.0
26.0,17.0
17.0,20.0
20.0,41.0
41.0,106.0
106.0,143.0
143.0,72.0
72.0,29.0
29.0,18.0
18.0,18.0
18.0,34.0
34.0,87.0
87.0,146.0
146.0,92.0
92.0,35.0
35.0,18.0
18.0,17.0
17.0,27.0
27.0,68.0
68.0,141.0
141.0,114.0
114.0,45.0
45.0,21.0
21.0,17.0
17.0,22.0
22.0,51.0
51.0,125.0
125.0,135.0
135.0,59.0
59.0,24.0
24.0,16.0
16.0,19.0
19.0,39.0
39.0,102.0
102.0,152.0
152.0,80.0
80.0,30.0
30.0,17.0
17.0,16.0
16.0,28.0
28.0,76.0
76.0,152.0
152.0,107.0
107.0,40.0
40.0,19.0
19.0,15.0
15.0,22.0
22.0,53.0
53.0,134.0
134.0,138.0
138.0,56.0
56.0,22.0
22.0,14.0
14.0,19.0
19.0,36.0
36.0,103.0
103.0,160.0
160.0,80.0
80.0,29.0
29.0,16.0
16.0,15.0
15.0,26.0
26.0,71.0
71.0,156.0
156.0,117.0
117.0,41.0
41.0,18.0
18.0,14.0
14.0,19.0
19.0,44.0
44.0,126.0
126.0,153.0
153.0,63.0
63.0,24.0
24.0,14.0
14.0,15.0
15.0,29.0
29.0,86.0
86.0,167.0
167.0,100.0
100.0,34.0
34.0,15.0
15.0,14.0
14.0,20.0
20.0,52.0
52.0,141.0
141.0,148.0
148.0,55.0
55.0,21.0
21.0,14.0
14.0,15.0
15.0,30.0
30.0,92.0
92.0,173.0
173.0,94.0
94.0,30.0
30.0,15.0
15.0,12.0
12.0,19.0
19.0,51.0
51.0,147.0
147.0,150.0
150.0,53.0
53.0,19.0
19.0,12.0
12.0,14.0
14.0,28.0
28.0,89.0
89.0,180.0
180.0,99.0
99.0,30.0
30.0,14.0
14.0,11.0
11.0,16.0
16.0,44.0
44.0,139.0
139.0,165.0
165.0,59.0
59.0,21.0
21.0,11.0
11.0,12.0
12.0,22.0
22.0,71.0
71.0,179.0
179.0,123.0
123.0,36.0
36.0,14.0
14.0,10.0
10.0,12.0
12.0,31.0
31.0,106.0
106.0,191.0
191.0,84.0
84.0,24.0
24.0,12.0
12.0,9.0
9.0,14.0
14.0,41.0
41.0,145.0
145.0,177.0
177.0,57.0
57.0,17.0
17.0,10.0
10.0,10.0
10.0,16.0
16.0,54.0
54.0,174.0
174.0,155.0
155.0,42.0
42.0,14.0
14.0,9.0
9.0,9.0
9.0,16.0
16.0,60.0
60.0,191.0
191.0,145.0
145.0,36.0
36.0,13.0
13.0,9.0
9.0,8.0
8.0,14.0
14.0,55.0
55.0,194.0
194.0,157.0
157.0,37.0
37.0,12.0
12.0,8.0
8.0,7.0
7.0,9.0
9.0,33.0
33.0,152.0
152.0,217.0
217.0,55.0
55.0,14.0
14.0,7.0
7.0,5.0
5.0,5.0
5.0,8.0
8.0,36.0
36.0,193.0
193.0,212.0
212.0,41.0
41.0,11.0
11.0,7.0
7.0,5.0
5.0,4.0
4.0,3.0
3.0,6.0
6.0,34.0
34.0,154.0
154.0,151.0
151.0,55.0
55.0,22.0
22.0,17.0
17.0,24.0
24.0,52.0
52.0,112.0
112.0,121.0
121.0,61.0
61.0,28.0
28.0,21.0
21.0,25.0
25.0,51.0
51.0,107.0
107.0,124.0
124.0,66.0
66.0,31.0
31.0,21.0
21.0,24.0
24.0,44.0
44.0,100.0
100.0,130.0
130.0,74.0
74.0,34.0
34.0,21.0
21.0,22.0
22.0,39.0
39.0,91.0
91.0,133.0
133.0,84.0
84.0,36.0
36.0,21.0
21.0,21.0
21.0,34.0
34.0,79.0
79.0,136.0
136.0,95.0
95.0,42.0
42.0,22.0
22.0,19.0
19.0,29.0
29.0,67.0
67.0,132.0
132.0,111.0
111.0,47.0
47.0,23.0
23.0,18.0
18.0,25.0
25.0,56.0
56.0,122.0
122.0,125.0
125.0,57.0
57.0,25.0
25.0,18.0
18.0,22.0
22.0,45.0
45.0,109.0
109.0,138.0
138.0,70.0
70.0,29.0
29.0,18.0
18.0,18.0
18.0,35.0
35.0,91.0
91.0,146.0
146.0,88.0
88.0,35.0
35.0,19.0
19.0,18.0
18.0,29.0
29.0,72.0
72.0,143.0
143.0,109.0
109.0,43.0
43.0,20.0
20.0,16.0
16.0,23.0
23.0,55.0
55.0,130.0
130.0,132.0
132.0,56.0
56.0,24.0
24.0,16.0
16.0,19.0
19.0,40.0
40.0,107.0
107.0,150.0
150.0,75.0
75.0,28.0
28.0,16.0
16.0,17.0
17.0,30.0
30.0,81.0
81.0,155.0
155.0,101.0
101.0,37.0
37.0,18.0
18.0,15.0
15.0,24.0
24.0,57.0
57.0,138.0
138.0,132.0
132.0,53.0
53.0,22.0
22.0,15.0
15.0,18.0
18.0,38.0
38.0,109.0
109.0,157.0
157.0,75.0
75.0,28.0
28.0,16.0
16.0,15.0
15.0,27.0
27.0,76.0
76.0,159.0
159.0,111.0
111.0,38.0
38.0,18.0
18.0,14.0
14.0,20.0
20.0,49.0
49.0,132.0
132.0,149.0
149.0,59.0
59.0,22.0
22.0,14.0
14.0,15.0
15.0,31.0
31.0,92.0
92.0,168.0
168.0,93.0
93.0,31.0
31.0,15.0
15.0,13.0
13.0,21.0
21.0,57.0
57.0,149.0
149.0,140.0
140.0,51.0
51.0,20.0
20.0,13.0
13.0,15.0
15.0,33.0
33.0,101.0
101.0,172.0
172.0,86.0
86.0,27.0
27.0,15.0
15.0,13.0
13.0,20.0
20.0,57.0
57.0,155.0
155.0,140.0
140.0,47.0
47.0,18.0
18.0,12.0
12.0,14.0
14.0,30.0
30.0,98.0
98.0,179.0
179.0,89.0
89.0,27.0
27.0,14.0
14.0,11.0
11.0,17.0
17.0,49.0
49.0,148.0
148.0,155.0
155.0,52.0
52.0,17.0
17.0,11.0
11.0,11.0
11.0,24.0
24.0,80.0
80.0,184.0
184.0,111.0
111.0,33.0
33.0,14.0
14.0,11.0
11.0,14.0
14.0,34.0
34.0,120.0
120.0,186.0
186.0,73.0
73.0,22.0
22.0,12.0
12.0,10.0
10.0,16.0
16.0,48.0
48.0,159.0
159.0,162.0
162.0,49.0
49.0,16.0
16.0,10.0
10.0,10.0
10.0,18.0
18.0,64.0
64.0,187.0
187.0,137.0
137.0,36.0
36.0,14.0
14.0,9.0
9.0,10.0
10.0,20.0
20.0,74.0
74.0,204.0
204.0,122.0
122.0,29.0
29.0,11.0
11.0,9.0
9.0,8.0
8.0,17.0
17.0,70.0
70.0,212.0
212.0,130.0
130.0,29.0
29.0,12.0
12.0,8.0
8.0,7.0
7.0,12.0
12.0,45.0
45.0,189.0
189.0,182.0
182.0,40.0
40.0,12.0
12.0,8.0
8.0,6.0
6.0,5.0
5.0,13.0
13.0,64.0
64.0,250.0
250.0,141.0
141.0,24.0
24.0,9.0
9.0,7.0
7.0,5.0
5.0,4.0
4.0,4.0
4.0,4.0
4.0,26.0
26.0,103.0
103.0,106.0
106.0,59.0
59.0,35.0
35.0,31.0
31.0,42.0
42.0,67.0
67.0,91.0
91.0,80.0
80.0,53.0
53.0,37.0
37.0,35.0
35.0,46.0
46.0,72.0
72.0,93.0
93.0,79.0
79.0,52.0
52.0,37.0
37.0,36.0
36.0,48.0
48.0,74.0
74.0,95.0
95.0,78.0
78.0,50.0
50.0,36.0
36.0,36.0
36.0,49.0
49.0,77.0
77.0,96.0
96.0,78.0
78.0,49.0
49.0,34.0
34.0,35.0
35.0,48.0
48.0,78.0
78.0,98.0
98.0,77.0
77.0,47.0
47.0,33.0
33.0,34.0
34.0,49.0
49.0,80.0
80.0,101.0
101.0,76.0
76.0,44.0
44.0,32.0
32.0,33.0
33.0,49.0
49.0,83.0
83.0,103.0
103.0,76.0
76.0,45.0
45.0,32.0
32.0,32.0
32.0,49.0
49.0,85.0
85.0,104.0
104.0,78.0
78.0,43.0
43.0,30.0
30.0,31.0
31.0,47.0
47.0,85.0
85.0,108.0
108.0,77.0
77.0,43.0
43.0,30.0
30.0,31.0
31.0,47.0
47.0,85.0
85.0,110.0
110.0,79.0
79.0,42.0
42.0,28.0
28.0,29.0
29.0,46.0
46.0,85.0
85.0,113.0
113.0,80.0
80.0,42.0
42.0,29.0
29.0,28.0
28.0,44.0
44.0,84.0
84.0,116.0
116.0,83.0
83.0,42.0
42.0,28.0
28.0,27.0
27.0,42.0
42.0,83.0
83.0,119.0
119.0,87.0
87.0,44.0
44.0,28.0
28.0,27.0
27.0,40.0
40.0,79.0
79.0,121.0
121.0,91.0
91.0,46.0
46.0,28.0
28.0,26.0
26.0,37.0
37.0,75.0
75.0,122.0
122.0,97.0
97.0,48.0
48.0,27.0
27.0,24.0
24.0,35.0
35.0,71.0
71.0,121.0
121.0,103.0
103.0,51.0
51.0,28.0
28.0,24.0
24.0,32.0
32.0,64.0
64.0,119.0
119.0,111.0
111.0,55.0
55.0,28.0
28.0,22.0
22.0,29.0
29.0,58.0
58.0,115.0
115.0,120.0
120.0,60.0
60.0,31.0
31.0,22.0
22.0,25.0
25.0,50.0
50.0,108.0
108.0,127.0
127.0,68.0
68.0,31.0
31.0,21.0
21.0,24.0
24.0,45.0
45.0,100.0
100.0,133.0
133.0,78.0
78.0,34.0
34.0,21.0
21.0,22.0
22.0,37.0
37.0,87.0
87.0,138.0
138.0,89.0
89.0,38.0
38.0,22.0
22.0,20.0
20.0,32.0
32.0,75.0
75.0,137.0
137.0,104.0
104.0,45.0
45.0,23.0
23.0,19.0
19.0,26.0
26.0,61.0
61.0,129.0
129.0,120.0
120.0,53.0
53.0,24.0
24.0,17.0
17.0,23.0
23.0,49.0
49.0,116.0
116.0,135.0
135.0,64.0
64.0,27.0
27.0,18.0
18.0,20.0
20.0,39.0
39.0,98.0
98.0,147.0
147.0,82.0
82.0,33.0
33.0,18.0
18.0,17.0
17.0,31.0
31.0,78.0
78.0,147.0
147.0,104.0
104.0,41.0
41.0,20.0
20.0,17.0
17.0,25.0
25.0,59.0
59.0,135.0
135.0,128.0
128.0,52.0
52.0,23.0
23.0,16.0
16.0,20.0
20.0,43.0
43.0,113.0
113.0,149.0
149.0,70.0
70.0,28.0
28.0,17.0
17.0,18.0
18.0,32.0
32.0,86.0
86.0,156.0
156.0,98.0
98.0,36.0
36.0,19.0
19.0,16.0
16.0,24.0
24.0,60.0
60.0,143.0
143.0,130.0
130.0,50.0
50.0,21.0
21.0,17.0
17.0,19.0
19.0,42.0
42.0,115.0
115.0,156.0
156.0,73.0
73.0,26.0
26.0,16.0
16.0,16.0
16.0,28.0
28.0,80.0
80.0,160.0
160.0,108.0
108.0,38.0
38.0,18.0
18.0,15.0
15.0,21.0
21.0,52.0
52.0,137.0
137.0,147.0
147.0,58.0
58.0,22.0
22.0,13.0
13.0,16.0
16.0,32.0
32.0,95.0
95.0,169.0
169.0,91.0
91.0,30.0
30.0,16.0
16.0,14.0
14.0,21.0
21.0,57.0
57.0,151.0
151.0,139.0
139.0,49.0
49.0,19.0
19.0,13.0
13.0,15.0
15.0,32.0
32.0,102.0
102.0,174.0
174.0,86.0
86.0,29.0
29.0,15.0
15.0,12.0
12.0,21.0
21.0,57.0
57.0,156.0
156.0,141.0
141.0,49.0
49.0,18.0
18.0,13.0
13.0,15.0
15.0,30.0
30.0,97.0
97.0,181.0
181.0,91.0
91.0,28.0
28.0,14.0
14.0,12.0
12.0,17.0
17.0,48.0
48.0,146.0
146.0,159.0
159.0,54.0
54.0,18.0
18.0,12.0
12.0,12.0
12.0,23.0
23.0,76.0
76.0,184.0
184.0,116.0
116.0,34.0
34.0,14.0
14.0,10.0
10.0,13.0
13.0,33.0
33.0,114.0
114.0,190.0
190.0,79.0
79.0,24.0
24.0,12.0
12.0,10.0
10.0,15.0
15.0,44.0
44.0,150.0
150.0,174.0
174.0,55.0
55.0,17.0
17.0,11.0
11.0,10.0
10.0,17.0
17.0,56.0
56.0,179.0
179.0,153.0
153.0,41.0
41.0,14.0
14.0,10.0
10.0,9.0
9.0,17.0
17.0,60.0
60.0,194.0
194.0,146.0
146.0,37.0
37.0,14.0
14.0,9.0
9.0,8.0
8.0,14.0
14.0,52.0
52.0,192.0
192.0,165.0
165.0,39.0
39.0,13.0
13.0,8.0
8.0,7.0
7.0,10.0
10.0,28.0
28.0,135.0
135.0,235.0
235.0,67.0
67.0,16.0
16.0,9.0
9.0,8.0
8.0,6.0
6.0,7.0
7.0,20.0
20.0,125.0
125.0,255.0
255.0,73.0
73.0,14.0
14.0,7.0
7.0,5.0
5.0,3.0
3.0,4.0
4.0,6.0
6.0,30.0
30.0,141.0
141.0,161.0
161.0,62.0
62.0,24.0
24.0,18.0
18.0,24.0
24.0,49.0
49.0,107.0
107.0,126.0
126.0,67.0
67.0,31.0
31.0,22.0
22.0,24.0
24.0,46.0
46.0,101.0
101.0,127.0
127.0,72.0
72.0,33.0
33.0,21.0
21.0,23.0
23.0,43.0
43.0,93.0
93.0,131.0
131.0,81.0
81.0,35.0
35.0,22.0
22.0,22.0
22.0,37.0
37.0,84.0
84.0,134.0
134.0,90.0
90.0,40.0
40.0,23.0
23.0,20.0
20.0,33.0
33.0,74.0
74.0,134.0
134.0,103.0
103.0,45.0
45.0,23.0
23.0,20.0
20.0,28.0
28.0,64.0
64.0,128.0
128.0,116.0
116.0,52.0
52.0,24.0
24.0,19.0
19.0,25.0
25.0,52.0
52.0,118.0
118.0,131.0
131.0,62.0
62.0,28.0
28.0,18.0
18.0,22.0
22.0,42.0
42.0,103.0
103.0,140.0
140.0,75.0
75.0,31.0
31.0,19.0
19.0,19.0
19.0,34.0
34.0,86.0
86.0,145.0
145.0,94.0
94.0,38.0
38.0,20.0
20.0,18.0
18.0,27.0
27.0,67.0
67.0,140.0
140.0,115.0
115.0,46.0
46.0,22.0
22.0,16.0
16.0,22.0
22.0,51.0
51.0,125.0
125.0,136.0
136.0,61.0
61.0,25.0
25.0,17.0
17.0,20.0
20.0,39.0
39.0,102.0
102.0,152.0
152.0,81.0
81.0,31.0
31.0,18.0
18.0,17.0
17.0,29.0
29.0,76.0
76.0,152.0
152.0,108.0
108.0,39.0
39.0,20.0
20.0,17.0
17.0,23.0
23.0,56.0
56.0,134.0
134.0,137.0
137.0,56.0
56.0,24.0
24.0,16.0
16.0,19.0
19.0,37.0
37.0,104.0
104.0,159.0
159.0,80.0
80.0,29.0
29.0,16.0
16.0,15.0
15.0,26.0
26.0,72.0
72.0,156.0
156.0,115.0
115.0,40.0
40.0,18.0
18.0,14.0
14.0,19.0
19.0,47.0
47.0,129.0
129.0,150.0
150.0,62.0
62.0,23.0
23.0,14.0
14.0,15.0
15.0,30.0
30.0,88.0
88.0,167.0
167.0,96.0
96.0,32.0
32.0,16.0
16.0,14.0
14.0,21.0
21.0,54.0
54.0,145.0
145.0,143.0
143.0,52.0
52.0,19.0
19.0,12.0
12.0,13.0
13.0,30.0
30.0,97.0
97.0,171.0
171.0,88.0
88.0,28.0
28.0,14.0
14.0,12.0
12.0,19.0
19.0,55.0
55.0,151.0
151.0,144.0
144.0,49.0
49.0,17.0
17.0,12.0
12.0,14.0
14.0,29.0
29.0,94.0
94.0,178.0
178.0,91.0
91.0,28.0
28.0,13.0
13.0,11.0
11.0,17.0
17.0,49.0
49.0,146.0
146.0,157.0
157.0,54.0
54.0,18.0
18.0,11.0
11.0,12.0
12.0,23.0
23.0,78.0
78.0,182.0
182.0,112.0
112.0,32.0
32.0,14.0
14.0,10.0
10.0,14.0
14.0,33.0
33.0,117.0
117.0,185.0
185.0,74.0
74.0,22.0
22.0,12.0
12.0,10.0
10.0,15.0
15.0,47.0
47.0,156.0
156.0,164.0
164.0,50.0
50.0,16.0
16.0,10.0
10.0,11.0
11.0,19.0
19.0,63.0
63.0,186.0
186.0,138.0
138.0,36.0
36.0,13.0
13.0,9.0
9.0,9.0
9.0,20.0
20.0,74.0
74.0,203.0
203.0,123.0
123.0,30.0
30.0,11.0
11.0,9.0
9.0,9.0
9.0,18.0
18.0,71.0
71.0,213.0
213.0,128.0
128.0,30.0
30.0,10.0
10.0,8.0
8.0,8.0
8.0,13.0
13.0,47.0
47.0,193.0
193.0,176.0
176.0,40.0
40.0,12.0
12.0,7.0
7.0,6.0
6.0,6.0
6.0,14.0
14.0,72.0
72.0,255.0
255.0,128.0
128.0,23.0
23.0,9.0
9.0,6.0
6.0,5.0
5.0,4.0
4.0,3.0
3.0,3.0
3.0,13.0
13.0,57.0
57.0,53.0
53.0,34.0
34.0,29.0
29.0,33.0
33.0,42.0
42.0,61.0
61.0,78.0
78.0,75.0
75.0,56.0
56.0,41.0
41.0,38.0
38.0,46.0
46.0,64.0
64.0,80.0
80.0,75.0
75.0,56.0
56.0,42.0
42.0,39.0
39.0,48.0
48.0,66.0
66.0,83.0
83.0,74.0
74.0,55.0
55.0,41.0
41.0,40.0
40.0,49.0
49.0,70.0
70.0,84.0
84.0,73.0
73.0,53.0
53.0,40.0
40.0,39.0
39.0,51.0
51.0,72.0
72.0,86.0
86.0,72.0
72.0,51.0
51.0,39.0
39.0,38.0
38.0,51.0
51.0,74.0
74.0,89.0
89.0,72.0
72.0,49.0
49.0,38.0
38.0,38.0
38.0,53.0
53.0,78.0
78.0,89.0
89.0,71.0
71.0,47.0
47.0,35.0
35.0,38.0
38.0,54.0
54.0,80.0
80.0,92.0
92.0,70.0
70.0,46.0
46.0,35.0
35.0,38.0
38.0,56.0
56.0,84.0
84.0,94.0
94.0,69.0
69.0,43.0
43.0,34.0
34.0,37.0
37.0,56.0
56.0,87.0
87.0,95.0
95.0,68.0
68.0,43.0
43.0,33.0
33.0,36.0
36.0,57.0
57.0,89.0
89.0,97.0
97.0,67.0
67.0,42.0
42.0,33.0
33.0,37.0
37.0,57.0
57.0,92.0
92.0,99.0
99.0,67.0
67.0,41.0
41.0,32.0
32.0,36.0
36.0,57.0
57.0,93.0
93.0,100.0
100.0,67.0
67.0,39.0
39.0,31.0
31.0,36.0
36.0,58.0
58.0,96.0
96.0,103.0
103.0,66.0
66.0,39.0
39.0,31.0
31.0,35.0
35.0,58.0
58.0,97.0
97.0,105.0
105.0,67.0
67.0,38.0
38.0,29.0
29.0,33.0
33.0,57.0
57.0,98.0
98.0,107.0
107.0,67.0
67.0,37.0
37.0,28.0
28.0,34.0
34.0,56.0
56.0,99.0
99.0,112.0
112.0,69.0
69.0,38.0
38.0,27.0
27.0,32.0
32.0,53.0
53.0,98.0
98.0,114.0
114.0,71.0
71.0,37.0
37.0,27.0
27.0,29.0
29.0,51.0
51.0,97.0
97.0,118.0
118.0,73.0
73.0,37.0
37.0,27.0
27.0,28.0
28.0,48.0
48.0,94.0
94.0,123.0
123.0,78.0
78.0,39.0
39.0,25.0
25.0,27.0
27.0,45.0
45.0,91.0
91.0,125.0
125.0,83.0
83.0,40.0
40.0,25.0
25.0,25.0
25.0,40.0
40.0,86.0
86.0,128.0
128.0,89.0
89.0,42.0
42.0,25.0
25.0,24.0
24.0,36.0
36.0,78.0
78.0,128.0
128.0,97.0
97.0,46.0
46.0,25.0
25.0,23.0
23.0,33.0
33.0,71.0
71.0,127.0
127.0,106.0
106.0,49.0
49.0,27.0
27.0,22.0
22.0,31.0
31.0,63.0
63.0,124.0
124.0,117.0
117.0,56.0
56.0,27.0
27.0,22.0
22.0,27.0
27.0,55.0
55.0,116.0
116.0,128.0
128.0,64.0
64.0,30.0
30.0,21.0
21.0,25.0
25.0,46.0
46.0,105.0
105.0,137.0
137.0,75.0
75.0,33.0
33.0,21.0
21.0,22.0
22.0,39.0
39.0,91.0
91.0,142.0
142.0,89.0
89.0,37.0
37.0,21.0
21.0,21.0
21.0,32.0
32.0,76.0
76.0,142.0
142.0,107.0
107.0,45.0
45.0,23.0
23.0,19.0
19.0,27.0
27.0,61.0
61.0,132.0
132.0,125.0
125.0,55.0
55.0,25.0
25.0,18.0
18.0,23.0
23.0,48.0
48.0,116.0
116.0,143.0
143.0,69.0
69.0,29.0
29.0,19.0
19.0,21.0
21.0,38.0
38.0,95.0
95.0,151.0
151.0,89.0
89.0,36.0
36.0,20.0
20.0,19.0
19.0,29.0
29.0,73.0
73.0,148.0
148.0,115.0
115.0,44.0
44.0,21.0
21.0,17.0
17.0,24.0
24.0,54.0
54.0,130.0
130.0,139.0
139.0,60.0
60.0,25.0
25.0,17.0
17.0,19.0
19.0,38.0
38.0,102.0
102.0,158.0
158.0,84.0
84.0,32.0
32.0,17.0
17.0,17.0
17.0,27.0
27.0,73.0
73.0,154.0
154.0,115.0
115.0,41.0
41.0,19.0
19.0,16.0
16.0,20.0
20.0,48.0
48.0,129.0
129.0,150.0
150.0,62.0
62.0,24.0
24.0,15.0
15.0,18.0
18.0,32.0
32.0,92.0
92.0,165.0
165.0,94.0
94.0,32.0
32.0,18.0
18.0,14.0
14.0,23.0
23.0,59.0
59.0,148.0
148.0,136.0
136.0,50.0
50.0,20.0
20.0,14.0
14.0,16.0
16.0,36.0
36.0,106.0
106.0,168.0
168.0,81.0
81.0,27.0
27.0,15.0
15.0,14.0
14.0,22.0
22.0,64.0
64.0,160.0
160.0,130.0
130.0,43.0
43.0,18.0
18.0,14.0
14.0,16.0
16.0,36.0
36.0,112.0
112.0,174.0
174.0,78.0
78.0,25.0
25.0,15.0
15.0,13.0
13.0,21.0
21.0,61.0
61.0,162.0
162.0,137.0
137.0,45.0
45.0,18.0
18.0,12.0
12.0,14.0
14.0,31.0
31.0,102.0
102.0,182.0
182.0,87.0
87.0,27.0
27.0,14.0
14.0,12.0
12.0,18.0
18.0,49.0
49.0,150.0
150.0,160.0
160.0,54.0
54.0,19.0
19.0,12.0
12.0,12.0
12.0,23.0
23.0,74.0
74.0,185.0
185.0,120.0
120.0,34.0
34.0,14.0
14.0,11.0
11.0,13.0
13.0,30.0
30.0,106.0
106.0,196.0
196.0,85.0
85.0,25.0
25.0,12.0
12.0,11.0
11.0,14.0
14.0,38.0
38.0,137.0
137.0,190.0
190.0,64.0
64.0,19.0
19.0,10.0
10.0,10.0
10.0,14.0
14.0,41.0
41.0,156.0
156.0,183.0
183.0,53.0
53.0,16.0
16.0,9.0
9.0,9.0
9.0,11.0
11.0,38.0
38.0,157.0
157.0,194.0
194.0,54.0
54.0,15.0
15.0,9.0
9.0,7.0
7.0,10.0
10.0,24.0
24.0,116.0
116.0,235.0
235.0,79.0
79.0,17.0
17.0,9.0
9.0,6.0
6.0,5.0
5.0,8.0
8.0,30.0
30.0,165.0
165.0,233.0
233.0,49.0
49.0,12.0
12.0,7.0
7.0,5.0
5.0,4.0
4.0,3.0
3.0,2.0
2.0,10.0
10.0,59.0
59.0,102.0
102.0,68.0
68.0,42.0
42.0,34.0
34.0,39.0
39.0,58.0
58.0,79.0
79.0,81.0
81.0,61.0
61.0,44.0
44.0,38.0
38.0,43.0
43.0,61.0
61.0,81.0
81.0,81.0
81.0,61.0
61.0,43.0
43.0,38.0
38.0,46.0
46.0,64.0
64.0,84.0
84.0,81.0
81.0,58.0
58.0,42.0
42.0,38.0
38.0,46.0
46.0,66.0
66.0,86.0
86.0,81.0
81.0,57.0
57.0,43.0
43.0,38.0
38.0,47.0
47.0,69.0
69.0,89.0
89.0,80.0
80.0,56.0
56.0,38.0
38.0,36.0
36.0,47.0
47.0,71.0
71.0,91.0
91.0,80.0
80.0,54.0
54.0,39.0
39.0,35.0
35.0,47.0
47.0,73.0
73.0,94.0
94.0,80.0
80.0,52.0
52.0,37.0
37.0,36.0
36.0,49.0
49.0,75.0
75.0,97.0
97.0,79.0
79.0,51.0
51.0,36.0
36.0,36.0
36.0,48.0
48.0,78.0
78.0,99.0
99.0,78.0
78.0,49.0
49.0,35.0
35.0,35.0
35.0,49.0
49.0,79.0
79.0,101.0
101.0,78.0
78.0,48.0
48.0,33.0
33.0,35.0
35.0,48.0
48.0,81.0
81.0,104.0
104.0,78.0
78.0,46.0
46.0,33.0
33.0,32.0
32.0,48.0
48.0,83.0
83.0,106.0
106.0,78.0
78.0,45.0
45.0,32.0
32.0,32.0
32.0,47.0
47.0,83.0
83.0,109.0
109.0,80.0
80.0,45.0
45.0,30.0
30.0,31.0
31.0,46.0
46.0,84.0
84.0,111.0
111.0,81.0
81.0,44.0
44.0,30.0
30.0,30.0
30.0,45.0
45.0,84.0
84.0,113.0
113.0,83.0
83.0,44.0
44.0,29.0
29.0,29.0
29.0,44.0
44.0,82.0
82.0,116.0
116.0,85.0
85.0,44.0
44.0,28.0
28.0,27.0
27.0,42.0
42.0,80.0
80.0,119.0
119.0,89.0
89.0,45.0
45.0,28.0
28.0,26.0
26.0,39.0
39.0,77.0
77.0,121.0
121.0,93.0
93.0,47.0
47.0,28.0
28.0,25.0
25.0,37.0
37.0,73.0
73.0,121.0
121.0,99.0
99.0,49.0
49.0,27.0
27.0,25.0
25.0,34.0
34.0,69.0
69.0,121.0
121.0,106.0
106.0,52.0
52.0,29.0
29.0,23.0
23.0,30.0
30.0,62.0
62.0,118.0
118.0,113.0
113.0,57.0
57.0,29.0
29.0,22.0
22.0,29.0
29.0,56.0
56.0,114.0
114.0,121.0
121.0,63.0
63.0,31.0
31.0,23.0
23.0,26.0
26.0,50.0
50.0,107.0
107.0,129.0
129.0,70.0
70.0,32.0
32.0,22.0
22.0,24.0
24.0,43.0
43.0,97.0
97.0,135.0
135.0,80.0
80.0,35.0
35.0,21.0
21.0,21.0
21.0,37.0
37.0,86.0
86.0,139.0
139.0,92.0
92.0,40.0
40.0,22.0
22.0,21.0
21.0,31.0
31.0,73.0
73.0,137.0
137.0,107.0
107.0,45.0
45.0,23.0
23.0,19.0
19.0,26.0
26.0,60.0
60.0,128.0
128.0,125.0
125.0,55.0
55.0,25.0
25.0,18.0
18.0,23.0
23.0,48.0
48.0,114.0
114.0,139.0
139.0,70.0
70.0,29.0
29.0,19.0
19.0,20.0
20.0,37.0
37.0,95.0
95.0,148.0
148.0,86.0
86.0,34.0
34.0,19.0
19.0,18.0
18.0,30.0
30.0,75.0
75.0,147.0
147.0,109.0
109.0,43.0
43.0,20.0
20.0,17.0
17.0,23.0
23.0,56.0
56.0,132.0
132.0,133.0
133.0,55.0
55.0,24.0
24.0,16.0
16.0,20.0
20.0,41.0
41.0,107.0
107.0,152.0
152.0,76.0
76.0,29.0
29.0,17.0
17.0,17.0
17.0,30.0
30.0,80.0
80.0,155.0
155.0,104.0
104.0,37.0
37.0,18.0
18.0,15.0
15.0,22.0
22.0,56.0
56.0,138.0
138.0,136.0
136.0,54.0
54.0,22.0
22.0,16.0
16.0,18.0
18.0,38.0
38.0,106.0
106.0,160.0
160.0,80.0
80.0,29.0
29.0,15.0
15.0,15.0
15.0,26.0
26.0,72.0
72.0,158.0
158.0,117.0
117.0,41.0
41.0,18.0
18.0,14.0
14.0,19.0
19.0,46.0
46.0,128.0
128.0,155.0
155.0,64.0
64.0,24.0
24.0,15.0
15.0,15.0
15.0,29.0
29.0,85.0
85.0,169.0
169.0,104.0
104.0,33.0
33.0,16.0
16.0,14.0
14.0,20.0
20.0,49.0
49.0,139.0
139.0,152.0
152.0,58.0
58.0,21.0
21.0,13.0
13.0,14.0
14.0,28.0
28.0,88.0
88.0,175.0
175.0,100.0
100.0,31.0
31.0,15.0
15.0,12.0
12.0,18.0
18.0,46.0
46.0,140.0
140.0,160.0
160.0,57.0
57.0,20.0
20.0,13.0
13.0,13.0
13.0,25.0
25.0,78.0
78.0,179.0
179.0,112.0
112.0,32.0
32.0,14.0
14.0,11.0
11.0,14.0
14.0,36.0
36.0,122.0
122.0,179.0
179.0,70.0
70.0,22.0
22.0,12.0
12.0,11.0
11.0,18.0
18.0,56.0
56.0,165.0
165.0,148.0
148.0,44.0
44.0,16.0
16.0,10.0
10.0,11.0
11.0,22.0
22.0,78.0
78.0,193.0
193.0,113.0
113.0,30.0
30.0,13.0
13.0,10.0
10.0,11.0
11.0,27.0
27.0,104.0
104.0,203.0
203.0,88.0
88.0,23.0
23.0,10.0
10.0,8.0
8.0,11.0
11.0,30.0
30.0,119.0
119.0,207.0
207.0,75.0
75.0,20.0
20.0,10.0
10.0,8.0
8.0,10.0
10.0,26.0
26.0,116.0
116.0,220.0
220.0,80.0
80.0,19.0
19.0,9.0
9.0,8.0
8.0,8.0
8.0,17.0
17.0,74.0
74.0,234.0
234.0,124.0
124.0,25.0
25.0,9.0
9.0,6.0
6.0,5.0
5.0,6.0
6.0,16.0
16.0,95.0
95.0,255.0
255.0,96.0
96.0,18.0
18.0,8.0
8.0,5.0
5.0,5.0
5.0,3.0
3.0,3.0
3.0,9.0
9.0,59.0
59.0,137.0
137.0,94.0
94.0,45.0
45.0,29.0
29.0,31.0
31.0,47.0
47.0,79.0
79.0,97.0
97.0,73.0
73.0,44.0
44.0,32.0
32.0,35.0
35.0,52.0
52.0,83.0
83.0,97.0
97.0,72.0
72.0,44.0
44.0,33.0
33.0,35.0
35.0,53.0
53.0,86.0
86.0,99.0
99.0,71.0
71.0,43.0
43.0,32.0
32.0,34.0
34.0,54.0
54.0,87.0
87.0,100.0
100.0,69.0
69.0,42.0
42.0,31.0
31.0,34.0
34.0,54.0
54.0,89.0
89.0,101.0
101.0,70.0
70.0,41.0
41.0,30.0
30.0,33.0
33.0,53.0
53.0,90.0
90.0,104.0
104.0,69.0
69.0,39.0
39.0,28.0
28.0,32.0
32.0,52.0
52.0,91.0
91.0,106.0
106.0,70.0
70.0,39.0
39.0,29.0
29.0,32.0
32.0,52.0
52.0,92.0
92.0,110.0
110.0,71.0
71.0,38.0
38.0,27.0
27.0,30.0
30.0,50.0
50.0,93.0
93.0,112.0
112.0,73.0
73.0,38.0
38.0,26.0
26.0,28.0
28.0,47.0
47.0,91.0
91.0,116.0
116.0,74.0
74.0,38.0
38.0,26.0
26.0,28.0
28.0,45.0
45.0,89.0
89.0,119.0
119.0,79.0
79.0,40.0
40.0,26.0
26.0,26.0
26.0,43.0
43.0,86.0
86.0,122.0
122.0,83.0
83.0,41.0
41.0,25.0
25.0,25.0
25.0,39.0
39.0,81.0
81.0,124.0
124.0,89.0
89.0,43.0
43.0,25.0
25.0,24.0
24.0,36.0
36.0,77.0
77.0,125.0
125.0,97.0
97.0,47.0
47.0,25.0
25.0,23.0
23.0,33.0
33.0,70.0
70.0,125.0
125.0,104.0
104.0,50.0
50.0,25.0
25.0,22.0
22.0,30.0
30.0,62.0
62.0,122.0
122.0,115.0
115.0,56.0
56.0,28.0
28.0,21.0
21.0,27.0
27.0,55.0
55.0,117.0
117.0,125.0
125.0,62.0
62.0,29.0
29.0,20.0
20.0,24.0
24.0,47.0
47.0,105.0
105.0,134.0
134.0,73.0
73.0,32.0
32.0,21.0
21.0,22.0
22.0,39.0
39.0,93.0
93.0,140.0
140.0,85.0
85.0,36.0
36.0,21.0
21.0,20.0
20.0,34.0
34.0,79.0
79.0,140.0
140.0,101.0
101.0,42.0
42.0,22.0
22.0,19.0
19.0,27.0
27.0,64.0
64.0,134.0
134.0,119.0
119.0,50.0
50.0,23.0
23.0,18.0
18.0,23.0
23.0,50.0
50.0,119.0
119.0,136.0
136.0,64.0
64.0,26.0
26.0,17.0
17.0,20.0
20.0,39.0
39.0,100.0
100.0,148.0
148.0,81.0
81.0,31.0
31.0,18.0
18.0,18.0
18.0,30.0
30.0,78.0
78.0,150.0
150.0,105.0
105.0,40.0
40.0,20.0
20.0,16.0
16.0,23.0
23.0,57.0
57.0,135.0
135.0,130.0
130.0,53.0
53.0,22.0
22.0,16.0
16.0,19.0
19.0,41.0
41.0,110.0
110.0,153.0
153.0,75.0
75.0,29.0
29.0,16.0
16.0,17.0
17.0,29.0
29.0,80.0
80.0,157.0
157.0,103.0
103.0,37.0
37.0,18.0
18.0,14.0
14.0,21.0
21.0,54.0
54.0,138.0
138.0,138.0
138.0,55.0
55.0,22.0
22.0,15.0
15.0,17.0
17.0,36.0
36.0,103.0
103.0,163.0
163.0,81.0
81.0,29.0
29.0,15.0
15.0,14.0
14.0,24.0
24.0,67.0
67.0,158.0
158.0,123.0
123.0,43.0
43.0,17.0
17.0,13.0
13.0,18.0
18.0,42.0
42.0,121.0
121.0,161.0
161.0,69.0
69.0,24.0
24.0,14.0
14.0,14.0
14.0,25.0
25.0,75.0
75.0,167.0
167.0,114.0
114.0,36.0
36.0,16.0
16.0,12.0
12.0,17.0
17.0,43.0
43.0,128.0
128.0,164.0
164.0,65.0
65.0,23.0
23.0,12.0
12.0,13.0
13.0,24.0
24.0,73.0
73.0,173.0
173.0,118.0
118.0,36.0
36.0,15.0
15.0,11.0
11.0,15.0
15.0,37.0
37.0,120.0
120.0,176.0
176.0,71.0
71.0,24.0
24.0,13.0
13.0,11.0
11.0,20.0
20.0,59.0
59.0,166.0
166.0,141.0
141.0,43.0
43.0,15.0
15.0,10.0
10.0,11.0
11.0,25.0
25.0,91.0
91.0,191.0
191.0,98.0
98.0,27.0
27.0,13.0
13.0,10.0
10.0,13.0
13.0,36.0
36.0,128.0
128.0,187.0
187.0,67.0
67.0,21.0
21.0,10.0
10.0,9.0
9.0,15.0
15.0,45.0
45.0,159.0
159.0,169.0
169.0,50.0
50.0,15.0
15.0,9.0
9.0,9.0
9.0,16.0
16.0,53.0
53.0,179.0
179.0,160.0
160.0,41.0
41.0,13.0
13.0,8.0
8.0,8.0
8.0,14.0
14.0,48.0
48.0,181.0
181.0,171.0
171.0,42.0
42.0,13.0
13.0,8.0
8.0,7.0
7.0,10.0
10.0,29.0
29.0,138.0
138.0,225.0
225.0,63.0
63.0,14.0
14.0,7.0
7.0,5.0
5.0,5.0
5.0,8.0
8.0,33.0
33.0,183.0
183.0,221.0
221.0,44.0
44.0,10.0
10.0,7.0
7.0,5.0
5.0,4.0
4.0,3.0
3.0,3.0
3.0,16.0
16.0,81.0
81.0,106.0
106.0,65.0
65.0,41.0
41.0,34.0
34.0,42.0
42.0,61.0
61.0,82.0
82.0,78.0
78.0,58.0
58.0,42.0
42.0,37.0
37.0,46.0
46.0,64.0
64.0,84.0
84.0,78.0
78.0,57.0
57.0,42.0
42.0,38.0
38.0,47.0
47.0,68.0
68.0,86.0
86.0,77.0
77.0,56.0
56.0,41.0
41.0,39.0
39.0,49.0
49.0,71.0
71.0,89.0
89.0,77.0
77.0,54.0
54.0,39.0
39.0,38.0
38.0,48.0
48.0,73.0
73.0,91.0
91.0,76.0
76.0,51.0
51.0,38.0
38.0,37.0
37.0,50.0
50.0,75.0
75.0,92.0
92.0,76.0
76.0,50.0
50.0,36.0
36.0,36.0
36.0,51.0
51.0,78.0
78.0,95.0
95.0,75.0
75.0,48.0
48.0,35.0
35.0,35.0
35.0,51.0
51.0,80.0
80.0,96.0
96.0,74.0
74.0,46.0
46.0,33.0
33.0,35.0
35.0,51.0
51.0,82.0
82.0,99.0
99.0,73.0
73.0,45.0
45.0,33.0
33.0,34.0
34.0,52.0
52.0,84.0
84.0,100.0
100.0,73.0
73.0,43.0
43.0,31.0
31.0,34.0
34.0,51.0
51.0,87.0
87.0,103.0
103.0,72.0
72.0,43.0
43.0,31.0
31.0,34.0
34.0,52.0
52.0,88.0
88.0,105.0
105.0,74.0
74.0,42.0
42.0,31.0
31.0,33.0
33.0,52.0
52.0,90.0
90.0,108.0
108.0,74.0
74.0,41.0
41.0,29.0
29.0,32.0
32.0,50.0
50.0,90.0
90.0,110.0
110.0,75.0
75.0,40.0
40.0,28.0
28.0,29.0
29.0,48.0
48.0,90.0
90.0,113.0
113.0,76.0
76.0,41.0
41.0,28.0
28.0,29.0
29.0,47.0
47.0,89.0
89.0,117.0
117.0,79.0
79.0,41.0
41.0,27.0
27.0,29.0
29.0,45.0
45.0,88.0
88.0,119.0
119.0,83.0
83.0,41.0
41.0,27.0
27.0,27.0
27.0,42.0
42.0,84.0
84.0,122.0
122.0,87.0
87.0,43.0
43.0,27.0
27.0,25.0
25.0,39.0
39.0,80.0
80.0,124.0
124.0,93.0
93.0,45.0
45.0,25.0
25.0,24.0
24.0,35.0
35.0,74.0
74.0,124.0
124.0,99.0
99.0,47.0
47.0,27.0
27.0,23.0
23.0,32.0
32.0,67.0
67.0,123.0
123.0,107.0
107.0,52.0
52.0,27.0
27.0,22.0
22.0,29.0
29.0,60.0
60.0,120.0
120.0,118.0
118.0,57.0
57.0,29.0
29.0,21.0
21.0,26.0
26.0,53.0
53.0,112.0
112.0,126.0
126.0,65.0
65.0,31.0
31.0,21.0
21.0,24.0
24.0,45.0
45.0,101.0
101.0,134.0
134.0,75.0
75.0,32.0
32.0,20.0
20.0,21.0
21.0,38.0
38.0,90.0
90.0,139.0
139.0,88.0
88.0,36.0
36.0,21.0
21.0,20.0
20.0,32.0
32.0,76.0
76.0,139.0
139.0,104.0
104.0,43.0
43.0,22.0
22.0,19.0
19.0,26.0
26.0,62.0
62.0,131.0
131.0,122.0
122.0,53.0
53.0,24.0
24.0,17.0
17.0,23.0
23.0,48.0
48.0,117.0
117.0,138.0
138.0,66.0
66.0,27.0
27.0,18.0
18.0,19.0
19.0,37.0
37.0,96.0
96.0,149.0
149.0,84.0
84.0,34.0
34.0,18.0
18.0,18.0
18.0,30.0
30.0,75.0
75.0,148.0
148.0,109.0
109.0,41.0
41.0,20.0
20.0,17.0
17.0,23.0
23.0,56.0
56.0,133.0
133.0,134.0
134.0,56.0
56.0,24.0
24.0,15.0
15.0,19.0
19.0,40.0
40.0,107.0
107.0,154.0
154.0,77.0
77.0,29.0
29.0,17.0
17.0,16.0
16.0,28.0
28.0,77.0
77.0,156.0
156.0,108.0
108.0,39.0
39.0,18.0
18.0,15.0
15.0,22.0
22.0,53.0
53.0,135.0
135.0,142.0
142.0,57.0
57.0,22.0
22.0,15.0
15.0,16.0
16.0,35.0
35.0,100.0
100.0,163.0
163.0,85.0
85.0,30.0
30.0,16.0
16.0,14.0
14.0,23.0
23.0,64.0
64.0,155.0
155.0,127.0
127.0,44.0
44.0,19.0
19.0,12.0
12.0,17.0
17.0,39.0
39.0,116.0
116.0,164.0
164.0,72.0
72.0,25.0
25.0,14.0
14.0,14.0
14.0,24.0
24.0,72.0
72.0,166.0
166.0,119.0
119.0,39.0
39.0,16.0
16.0,12.0
12.0,17.0
17.0,39.0
39.0,122.0
122.0,168.0
168.0,69.0
69.0,23.0
23.0,13.0
13.0,13.0
13.0,22.0
22.0,69.0
69.0,169.0
169.0,124.0
124.0,38.0
38.0,16.0
16.0,11.0
11.0,14.0
14.0,34.0
34.0,114.0
114.0,180.0
180.0,78.0
78.0,24.0
24.0,13.0
13.0,11.0
11.0,17.0
17.0,54.0
54.0,160.0
160.0,148.0
148.0,47.0
47.0,17.0
17.0,11.0
11.0,12.0
12.0,23.0
23.0,81.0
81.0,190.0
190.0,109.0
109.0,30.0
30.0,12.0
12.0,9.0
9.0,12.0
12.0,32.0
32.0,115.0
115.0,194.0
194.0,77.0
77.0,22.0
22.0,10.0
10.0,9.0
9.0,13.0
13.0,39.0
39.0,144.0
144.0,185.0
185.0,59.0
59.0,17.0
17.0,10.0
10.0,8.0
8.0,14.0
14.0,43.0
43.0,160.0
160.0,182.0
182.0,51.0
51.0,15.0
15.0,9.0
9.0,9.0
9.0,11.0
11.0,36.0
36.0,151.0
151.0,203.0
203.0,56.0
56.0,15.0
15.0,9.0
9.0,7.0
7.0,8.0
8.0,18.0
18.0,92.0
92.0,246.0
246.0,101.0
101.0,20.0
20.0,9.0
9.0,6.0
6.0,5.0
5.0,5.0
5.0,12.0
12.0,74.0
74.0,255.0
255.0,123.0
123.0,20.0
20.0,8.0
8.0,5.0
5.0,5.0
5.0,4.0
4.0,4.0
4.0,12.0
12.0,66.0
66.0,129.0
129.0,86.0
86.0,44.0
44.0,30.0
30.0,32.0
32.0,50.0
50.0,83.0
83.0,96.0
96.0,69.0
69.0,41.0
41.0,32.0
32.0,36.0
36.0,54.0
54.0,87.0
87.0,95.0
95.0,67.0
67.0,41.0
41.0,32.0
32.0,36.0
36.0,57.0
57.0,89.0
89.0,97.0
97.0,66.0
66.0,41.0
41.0,32.0
32.0,36.0
36.0,57.0
57.0,91.0
91.0,98.0
98.0,66.0
66.0,39.0
39.0,31.0
31.0,34.0
34.0,58.0
58.0,94.0
94.0,100.0
100.0,64.0
64.0,38.0
38.0,30.0
30.0,35.0
35.0,57.0
57.0,95.0
95.0,101.0
101.0,64.0
64.0,37.0
37.0,28.0
28.0,33.0
33.0,57.0
57.0,96.0
96.0,103.0
103.0,65.0
65.0,36.0
36.0,27.0
27.0,32.0
32.0,56.0
56.0,97.0
97.0,106.0
106.0,65.0
65.0,36.0
36.0,26.0
26.0,32.0
32.0,54.0
54.0,99.0
99.0,110.0
110.0,67.0
67.0,36.0
36.0,26.0
26.0,30.0
30.0,52.0
52.0,98.0
98.0,114.0
114.0,69.0
69.0,35.0
35.0,27.0
27.0,29.0
29.0,50.0
50.0,96.0
96.0,118.0
118.0,72.0
72.0,37.0
37.0,25.0
25.0,27.0
27.0,46.0
46.0,94.0
94.0,121.0
121.0,77.0
77.0,37.0
37.0,25.0
25.0,25.0
25.0,43.0
43.0,89.0
89.0,125.0
125.0,82.0
82.0,39.0
39.0,25.0
25.0,25.0
25.0,40.0
40.0,84.0
84.0,127.0
127.0,89.0
89.0,41.0
41.0,24.0
24.0,24.0
24.0,36.0
36.0,77.0
77.0,129.0
129.0,98.0
98.0,45.0
45.0,26.0
26.0,23.0
23.0,31.0
31.0,68.0
68.0,128.0
128.0,108.0
108.0,51.0
51.0,26.0
26.0,21.0
21.0,28.0
28.0,60.0
60.0,122.0
122.0,120.0
120.0,57.0
57.0,27.0
27.0,21.0
21.0,26.0
26.0,52.0
52.0,113.0
113.0,131.0
131.0,66.0
66.0,30.0
30.0,20.0
20.0,22.0
22.0,42.0
42.0,101.0
101.0,139.0
139.0,77.0
77.0,33.0
33.0,20.0
20.0,21.0
21.0,36.0
36.0,85.0
85.0,144.0
144.0,93.0
93.0,38.0
38.0,20.0
20.0,18.0
18.0,29.0
29.0,69.0
69.0,138.0
138.0,112.0
112.0,47.0
47.0,23.0
23.0,17.0
17.0,24.0
24.0,55.0
55.0,126.0
126.0,132.0
132.0,58.0
58.0,25.0
25.0,16.0
16.0,20.0
20.0,41.0
41.0,106.0
106.0,148.0
148.0,76.0
76.0,30.0
30.0,17.0
17.0,17.0
17.0,31.0
31.0,82.0
82.0,152.0
152.0,99.0
99.0,36.0
36.0,18.0
18.0,16.0
16.0,25.0
25.0,60.0
60.0,142.0
142.0,127.0
127.0,51.0
51.0,21.0
21.0,15.0
15.0,19.0
19.0,42.0
42.0,116.0
116.0,152.0
152.0,70.0
70.0,27.0
27.0,16.0
16.0,17.0
17.0,30.0
30.0,84.0
84.0,159.0
159.0,100.0
100.0,35.0
35.0,17.0
17.0,14.0
14.0,21.0
21.0,56.0
56.0,141.0
141.0,136.0
136.0,52.0
52.0,22.0
22.0,14.0
14.0,17.0
17.0,36.0
36.0,105.0
105.0,164.0
164.0,82.0
82.0,29.0
29.0,16.0
16.0,14.0
14.0,24.0
24.0,67.0
67.0,158.0
158.0,123.0
123.0,42.0
42.0,17.0
17.0,13.0
13.0,17.0
17.0,40.0
40.0,120.0
120.0,164.0
164.0,71.0
71.0,24.0
24.0,13.0
13.0,13.0
13.0,24.0
24.0,71.0
71.0,168.0
168.0,119.0
119.0,38.0
38.0,16.0
16.0,12.0
12.0,15.0
15.0,39.0
39.0,120.0
120.0,170.0
170.0,70.0
70.0,24.0
24.0,12.0
12.0,13.0
13.0,20.0
20.0,65.0
65.0,169.0
169.0,131.0
131.0,40.0
40.0,16.0
16.0,11.0
11.0,14.0
14.0,31.0
31.0,106.0
106.0,184.0
184.0,85.0
85.0,24.0
24.0,12.0
12.0,11.0
11.0,16.0
16.0,47.0
47.0,151.0
151.0,163.0
163.0,52.0
52.0,18.0
18.0,11.0
11.0,10.0
10.0,20.0
20.0,68.0
68.0,184.0
184.0,128.0
128.0,35.0
35.0,13.0
13.0,9.0
9.0,10.0
10.0,24.0
24.0,90.0
90.0,202.0
202.0,100.0
100.0,26.0
26.0,11.0
11.0,8.0
8.0,10.0
10.0,26.0
26.0,106.0
106.0,209.0
209.0,84.0
84.0,21.0
21.0,9.0
9.0,7.0
7.0,9.0
9.0,25.0
25.0,103.0
103.0,222.0
222.0,89.0
89.0,21.0
21.0,10.0
10.0,7.0
7.0,7.0
7.0,15.0
15.0,67.0
67.0,226.0
226.0,132.0
132.0,26.0
26.0,9.0
9.0,7.0
7.0,6.0
6.0,6.0
6.0,17.0
17.0,95.0
95.0,255.0
255.0,97.0
97.0,17.0
17.0,7.0
7.0,6.0
6.0,4.0
4.0,4.0
4.0,2.0
2.0,5.0
5.0,21.0
21.0,52.0
52.0,35.0
35.0,29.0
29.0,31.0
31.0,39.0
39.0,52.0
52.0,62.0
62.0,68.0
68.0,65.0
65.0,55.0
55.0,48.0
48.0,46.0
46.0,54.0
54.0,63.0
63.0,69.0
69.0,65.0
65.0,55.0
55.0,48.0
48.0,48.0
48.0,56.0
56.0,66.0
66.0,71.0
71.0,65.0
65.0,55.0
55.0,48.0
48.0,49.0
49.0,57.0
57.0,68.0
68.0,72.0
72.0,64.0
64.0,53.0
53.0,48.0
48.0,50.0
50.0,59.0
59.0,69.0
69.0,72.0
72.0,63.0
63.0,52.0
52.0,47.0
47.0,50.0
50.0,61.0
61.0,71.0
71.0,73.0
73.0,62.0
62.0,51.0
51.0,47.0
47.0,50.0
50.0,63.0
63.0,73.0
73.0,72.0
72.0,60.0
60.0,49.0
49.0,46.0
46.0,51.0
51.0,63.0
63.0,75.0
75.0,72.0
72.0,59.0
59.0,48.0
48.0,45.0
45.0,51.0
51.0,65.0
65.0,76.0
76.0,72.0
72.0,57.0
57.0,47.0
47.0,45.0
45.0,52.0
52.0,68.0
68.0,79.0
79.0,72.0
72.0,57.0
57.0,46.0
46.0,45.0
45.0,53.0
53.0,69.0
69.0,80.0
80.0,71.0
71.0,54.0
54.0,43.0
43.0,44.0
44.0,55.0
55.0,72.0
72.0,82.0
82.0,70.0
70.0,52.0
52.0,43.0
43.0,44.0
44.0,57.0
57.0,75.0
75.0,84.0
84.0,67.0
67.0,50.0
50.0,42.0
42.0,44.0
44.0,58.0
58.0,78.0
78.0,85.0
85.0,68.0
68.0,49.0
49.0,41.0
41.0,44.0
44.0,60.0
60.0,82.0
82.0,86.0
86.0,67.0
67.0,48.0
48.0,40.0
40.0,44.0
44.0,61.0
61.0,84.0
84.0,87.0
87.0,65.0
65.0,46.0
46.0,39.0
39.0,45.0
45.0,63.0
63.0,87.0
87.0,87.0
87.0,64.0
64.0,44.0
44.0,39.0
39.0,44.0
44.0,65.0
65.0,89.0
89.0,88.0
88.0,62.0
62.0,42.0
42.0,37.0
37.0,45.0
45.0,66.0
66.0,92.0
92.0,88.0
88.0,61.0
61.0,40.0
40.0,36.0
36.0,45.0
45.0,68.0
68.0,95.0
95.0,88.0
88.0,58.0
58.0,39.0
39.0,35.0
35.0,43.0
43.0,69.0
69.0,96.0
96.0,89.0
89.0,57.0
57.0,37.0
37.0,34.0
34.0,43.0
43.0,70.0
70.0,100.0
100.0,90.0
90.0,55.0
55.0,36.0
36.0,32.0
32.0,43.0
43.0,71.0
71.0,103.0
103.0,90.0
90.0,55.0
55.0,35.0
35.0,32.0
32.0,41.0
41.0,72.0
72.0,104.0
104.0,90.0
90.0,53.0
53.0,34.0
34.0,30.0
30.0,41.0
41.0,72.0
72.0,108.0
108.0,91.0
91.0,53.0
53.0,33.0
33.0,29.0
29.0,40.0
40.0,72.0
72.0,109.0
109.0,93.0
93.0,53.0
53.0,32.0
32.0,29.0
29.0,39.0
39.0,70.0
70.0,111.0
111.0,97.0
97.0,53.0
53.0,32.0
32.0,27.0
27.0,37.0
37.0,70.0
70.0,113.0
113.0,100.0
100.0,55.0
55.0,32.0
32.0,27.0
27.0,36.0
36.0,67.0
67.0,113.0
113.0,104.0
104.0,55.0
55.0,31.0
31.0,25.0
25.0,32.0
32.0,63.0
63.0,113.0
113.0,108.0
108.0,58.0
58.0,31.0
31.0,24.0
24.0,32.0
32.0,59.0
59.0,111.0
111.0,113.0
113.0,62.0
62.0,32.0
32.0,25.0
25.0,29.0
29.0,55.0
55.0,108.0
108.0,121.0
121.0,66.0
66.0,33.0
33.0,24.0
24.0,28.0
28.0,50.0
50.0,103.0
103.0,126.0
126.0,72.0
72.0,34.0
34.0,23.0
23.0,26.0
26.0,45.0
45.0,97.0
97.0,132.0
132.0,81.0
81.0,37.0
37.0,24.0
24.0,24.0
24.0,38.0
38.0,87.0
87.0,135.0
135.0,90.0
90.0,40.0
40.0,23.0
23.0,22.0
22.0,33.0
33.0,75.0
75.0,135.0
135.0,102.0
102.0,46.0
46.0,24.0
24.0,21.0
21.0,29.0
29.0,64.0
64.0,131.0
131.0,117.0
117.0,53.0
53.0,26.0
26.0,20.0
20.0,26.0
26.0,53.0
53.0,120.0
120.0,131.0
131.0,61.0
61.0,28.0
28.0,19.0
19.0,21.0
21.0,43.0
43.0,104.0
104.0,142.0
142.0,76.0
76.0,32.0
32.0,19.0
19.0,20.0
20.0,35.0
35.0,86.0
86.0,147.0
147.0,94.0
94.0,37.0
37.0,20.0
20.0,17.0
17.0,28.0
28.0,68.0
68.0,141.0
141.0,117.0
117.0,46.0
46.0,22.0
22.0,18.0
18.0,23.0
23.0,51.0
51.0,124.0
124.0,139.0
139.0,62.0
62.0,26.0
26.0,16.0
16.0,19.0
19.0,37.0
37.0,99.0
99.0,153.0
153.0,82.0
82.0,31.0
31.0,17.0
17.0,17.0
17.0,28.0
28.0,72.0
72.0,152.0
152.0,113.0
113.0,42.0
42.0,20.0
20.0,15.0
15.0,21.0
21.0,51.0
51.0,131.0
131.0,144.0
144.0,61.0
61.0,24.0
24.0,16.0
16.0,18.0
18.0,35.0
35.0,98.0
98.0,162.0
162.0,88.0
88.0,31.0
31.0,16.0
16.0,15.0
15.0,24.0
24.0,65.0
65.0,153.0
153.0,127.0
127.0,45.0
45.0,20.0
20.0,15.0
15.0,19.0
19.0,41.0
41.0,118.0
118.0,162.0
162.0,72.0
72.0,26.0
26.0,15.0
15.0,15.0
15.0,26.0
26.0,75.0
75.0,166.0
166.0,115.0
115.0,39.0
39.0,18.0
18.0,14.0
14.0,18.0
18.0,43.0
43.0,128.0
128.0,163.0
163.0,66.0
66.0,24.0
24.0,14.0
14.0,14.0
14.0,25.0
25.0,76.0
76.0,173.0
173.0,116.0
116.0,36.0
36.0,16.0
16.0,12.0
12.0,15.0
15.0,39.0
39.0,124.0
124.0,172.0
172.0,69.0
69.0,22.0
22.0,13.0
13.0,12.0
12.0,20.0
20.0,64.0
64.0,170.0
170.0,134.0
134.0,40.0
40.0,16.0
16.0,11.0
11.0,12.0
12.0,29.0
29.0,97.0
97.0,190.0
190.0,91.0
91.0,26.0
26.0,12.0
12.0,10.0
10.0,14.0
14.0,41.0
41.0,138.0
138.0,178.0
178.0,61.0
61.0,19.0
19.0,10.0
10.0,10.0
10.0,16.0
16.0,53.0
53.0,171.0
171.0,155.0
155.0,43.0
43.0,15.0
15.0,10.0
10.0,9.0
9.0,17.0
17.0,63.0
63.0,193.0
193.0,139.0
139.0,35.0
35.0,12.0
12.0,9.0
9.0,8.0
8.0,16.0
16.0,61.0
61.0,202.0
202.0,143.0
143.0,33.0
33.0,12.0
12.0,8.0
8.0,6.0
6.0,11.0
11.0,41.0
41.0,178.0
178.0,190.0
190.0,45.0
45.0,13.0
13.0,8.0
8.0,6.0
6.0,7.0
7.0,13.0
13.0,65.0
65.0,249.0
249.0,140.0
140.0,25.0
25.0,9.0
9.0,7.0
7.0,5.0
5.0,5.0
5.0,3.0
3.0,2.0
2.0,2.0
2.0,1.0
1.0,0.0
0.0,0.0
0.0,0.0
0.0,0.0
0.0,0.0
0.0,0.0
0.0,0.0
0.0,4.0
4.0,14.0
14.0,46.0
46.0,95.0
95.0,89.0
89.0,50.0
50.0,31.0
31.0,29.0
29.0,43.0
43.0,72.0
72.0,92.0
92.0,73.0
73.0,46.0
46.0,32.0
32.0,33.0
33.0,48.0
48.0,76.0
76.0,94.0
94.0,74.0
74.0,46.0
46.0,33.0
33.0,34.0
34.0,49.0
49.0,80.0
80.0,96.0
96.0,73.0
73.0,44.0
44.0,32.0
32.0,33.0
33.0,50.0
50.0,82.0
82.0,99.0
99.0,73.0
73.0,43.0
43.0,31.0
31.0,33.0
33.0,50.0
50.0,84.0
84.0,101.0
101.0,72.0
72.0,42.0
42.0,30.0
30.0,32.0
32.0,50.0
50.0,86.0
86.0,103.0
103.0,73.0
73.0,42.0
42.0,29.0
29.0,30.0
30.0,49.0
49.0,87.0
87.0,105.0
105.0,73.0
73.0,41.0
41.0,28.0
28.0,30.0
30.0,49.0
49.0,88.0
88.0,109.0
109.0,74.0
74.0,40.0
40.0,28.0
28.0,29.0
29.0,46.0
46.0,88.0
88.0,113.0
113.0,76.0
76.0,41.0
41.0,28.0
28.0,29.0
29.0,46.0
46.0,88.0
88.0,115.0
115.0,79.0
79.0,42.0
42.0,27.0
27.0,28.0
28.0,44.0
44.0,87.0
87.0,119.0
119.0,83.0
83.0,42.0
42.0,27.0
27.0,27.0
27.0,42.0
42.0,85.0
85.0,123.0
123.0,89.0
89.0,45.0
45.0,28.0
28.0,26.0
26.0,39.0
39.0,80.0
80.0,125.0
125.0,94.0
94.0,47.0
47.0,28.0
28.0,26.0
26.0,37.0
37.0,75.0
75.0,126.0
126.0,101.0
101.0,50.0
50.0,28.0
28.0,25.0
25.0,35.0
35.0,70.0
70.0,125.0
125.0,110.0
110.0,54.0
54.0,29.0
29.0,25.0
25.0,32.0
32.0,62.0
62.0,122.0
122.0,120.0
120.0,61.0
61.0,32.0
32.0,24.0
24.0,29.0
29.0,56.0
56.0,115.0
115.0,129.0
129.0,67.0
67.0,32.0
32.0,23.0
23.0,26.0
26.0,48.0
48.0,104.0
104.0,137.0
137.0,78.0
78.0,36.0
36.0,23.0
23.0,25.0
25.0,41.0
41.0,93.0
93.0,142.0
142.0,90.0
90.0,38.0
38.0,24.0
24.0,22.0
22.0,35.0
35.0,78.0
78.0,142.0
142.0,104.0
104.0,45.0
45.0,24.0
24.0,20.0
20.0,28.0
28.0,63.0
63.0,133.0
133.0,124.0
124.0,54.0
54.0,25.0
25.0,20.0
20.0,24.0
24.0,50.0
50.0,119.0
119.0,140.0
140.0,67.0
67.0,30.0
30.0,20.0
20.0,21.0
21.0,38.0
38.0,98.0
98.0,151.0
151.0,86.0
86.0,34.0
34.0,20.0
20.0,19.0
19.0,31.0
31.0,76.0
76.0,151.0
151.0,111.0
111.0,43.0
43.0,21.0
21.0,18.0
18.0,24.0
24.0,56.0
56.0,134.0
134.0,137.0
137.0,57.0
57.0,24.0
24.0,17.0
17.0,21.0
21.0,40.0
40.0,107.0
107.0,157.0
157.0,81.0
81.0,31.0
31.0,18.0
18.0,17.0
17.0,29.0
29.0,77.0
77.0,158.0
158.0,113.0
113.0,41.0
41.0,20.0
20.0,17.0
17.0,23.0
23.0,53.0
53.0,135.0
135.0,149.0
149.0,61.0
61.0,25.0
25.0,18.0
18.0,19.0
19.0,36.0
36.0,98.0
98.0,169.0
169.0,92.0
92.0,33.0
33.0,19.0
19.0,17.0
17.0,25.0
25.0,63.0
63.0,155.0
155.0,137.0
137.0,51.0
51.0,22.0
22.0,16.0
16.0,19.0
19.0,39.0
39.0,111.0
111.0,173.0
173.0,82.0
82.0,30.0
30.0,18.0
18.0,17.0
17.0,25.0
25.0,67.0
67.0,164.0
164.0,134.0
134.0,46.0
46.0,22.0
22.0,15.0
15.0,19.0
19.0,37.0
37.0,112.0
112.0,180.0
180.0,84.0
84.0,28.0
28.0,17.0
17.0,14.0
14.0,22.0
22.0,60.0
60.0,163.0
163.0,146.0
146.0,49.0
49.0,20.0
20.0,14.0
14.0,16.0
16.0,30.0
30.0,95.0
95.0,189.0
189.0,99.0
99.0,31.0
31.0,16.0
16.0,13.0
13.0,18.0
18.0,41.0
41.0,137.0
137.0,178.0
178.0,64.0
64.0,22.0
22.0,14.0
14.0,13.0
13.0,20.0
20.0,59.0
59.0,176.0
176.0,150.0
150.0,44.0
44.0,18.0
18.0,12.0
12.0,12.0
12.0,22.0
22.0,77.0
77.0,199.0
199.0,123.0
123.0,33.0
33.0,14.0
14.0,11.0
11.0,11.0
11.0,23.0
23.0,86.0
86.0,213.0
213.0,112.0
112.0,27.0
27.0,12.0
12.0,10.0
10.0,10.0
10.0,21.0
21.0,77.0
77.0,221.0
221.0,125.0
125.0,28.0
28.0,12.0
12.0,10.0
10.0,8.0
8.0,13.0
13.0,43.0
43.0,186.0
186.0,195.0
195.0,44.0
44.0,14.0
14.0,9.0
9.0,8.0
8.0,7.0
7.0,10.0
10.0,37.0
37.0,196.0
196.0,217.0
217.0,43.0
43.0,12.0
12.0,8.0
8.0,8.0
8.0,6.0
6.0,5.0
5.0,7.0
7.0,18.0
18.0,54.0
54.0,52.0
52.0,40.0
40.0,37.0
37.0,41.0
41.0,51.0
51.0,65.0
65.0,74.0
74.0,72.0
72.0,60.0
60.0,50.0
50.0,47.0
47.0,54.0
54.0,66.0
66.0,76.0
76.0,72.0
72.0,59.0
59.0,49.0
49.0,48.0
48.0,56.0
56.0,69.0
69.0,79.0
79.0,72.0
72.0,58.0
58.0,49.0
49.0,48.0
48.0,57.0
57.0,71.0
71.0,79.0
79.0,72.0
72.0,56.0
56.0,48.0
48.0,49.0
49.0,58.0
58.0,73.0
73.0,80.0
80.0,70.0
70.0,56.0
56.0,47.0
47.0,48.0
48.0,60.0
60.0,75.0
75.0,82.0
82.0,68.0
68.0,54.0
54.0,45.0
45.0,48.0
48.0,60.0
60.0,78.0
78.0,81.0
81.0,67.0
67.0,51.0
51.0,44.0
44.0,47.0
47.0,62.0
62.0,80.0
80.0,83.0
83.0,65.0
65.0,49.0
49.0,43.0
43.0,48.0
48.0,63.0
63.0,83.0
83.0,82.0
82.0,64.0
64.0,47.0
47.0,42.0
42.0,48.0
48.0,66.0
66.0,86.0
86.0,82.0
82.0,62.0
62.0,45.0
45.0,41.0
41.0,48.0
48.0,68.0
68.0,87.0
87.0,82.0
82.0,60.0
60.0,44.0
44.0,40.0
40.0,49.0
49.0,71.0
71.0,90.0
90.0,82.0
82.0,57.0
57.0,42.0
42.0,40.0
40.0,50.0
50.0,73.0
73.0,92.0
92.0,82.0
82.0,57.0
57.0,41.0
41.0,38.0
38.0,50.0
50.0,75.0
75.0,95.0
95.0,82.0
82.0,54.0
54.0,40.0
40.0,38.0
38.0,51.0
51.0,77.0
77.0,98.0
98.0,82.0
82.0,54.0
54.0,39.0
39.0,38.0
38.0,52.0
52.0,80.0
80.0,100.0
100.0,81.0
81.0,52.0
52.0,38.0
38.0,37.0
37.0,52.0
52.0,82.0
82.0,102.0
102.0,81.0
81.0,50.0
50.0,36.0
36.0,37.0
37.0,53.0
53.0,84.0
84.0,105.0
105.0,80.0
80.0,50.0
50.0,35.0
35.0,36.0
36.0,51.0
51.0,86.0
86.0,107.0
107.0,80.0
80.0,47.0
47.0,34.0
34.0,34.0
34.0,51.0
51.0,87.0
87.0,110.0
110.0,81.0
81.0,47.0
47.0,33.0
33.0,33.0
33.0,50.0
50.0,88.0
88.0,113.0
113.0,81.0
81.0,46.0
46.0,32.0
32.0,32.0
32.0,49.0
49.0,88.0
88.0,115.0
115.0,83.0
83.0,46.0
46.0,31.0
31.0,31.0
31.0,47.0
47.0,86.0
86.0,117.0
117.0,85.0
85.0,45.0
45.0,30.0
30.0,30.0
30.0,43.0
43.0,84.0
84.0,119.0
119.0,87.0
87.0,45.0
45.0,29.0
29.0,29.0
29.0,41.0
41.0,80.0
80.0,122.0
122.0,91.0
91.0,47.0
47.0,28.0
28.0,27.0
27.0,39.0
39.0,77.0
77.0,123.0
123.0,97.0
97.0,48.0
48.0,27.0
27.0,24.0
24.0,35.0
35.0,72.0
72.0,123.0
123.0,103.0
103.0,50.0
50.0,28.0
28.0,24.0
24.0,32.0
32.0,66.0
66.0,121.0
121.0,111.0
111.0,55.0
55.0,28.0
28.0,22.0
22.0,30.0
30.0,59.0
59.0,118.0
118.0,119.0
119.0,60.0
60.0,29.0
29.0,22.0
22.0,27.0
27.0,53.0
53.0,111.0
111.0,128.0
128.0,68.0
68.0,32.0
32.0,22.0
22.0,25.0
25.0,46.0
46.0,101.0
101.0,136.0
136.0,77.0
77.0,35.0
35.0,23.0
23.0,24.0
24.0,39.0
39.0,90.0
90.0,141.0
141.0,91.0
91.0,40.0
40.0,24.0
24.0,22.0
22.0,34.0
34.0,76.0
76.0,140.0
140.0,107.0
107.0,46.0
46.0,23.0
23.0,21.0
21.0,29.0
29.0,63.0
63.0,133.0
133.0,124.0
124.0,56.0
56.0,27.0
27.0,19.0
19.0,24.0
24.0,51.0
51.0,118.0
118.0,141.0
141.0,68.0
68.0,30.0
30.0,20.0
20.0,22.0
22.0,39.0
39.0,98.0
98.0,151.0
151.0,88.0
88.0,35.0
35.0,20.0
20.0,19.0
19.0,31.0
31.0,77.0
77.0,150.0
150.0,111.0
111.0,43.0
43.0,22.0
22.0,18.0
18.0,24.0
24.0,57.0
57.0,134.0
134.0,136.0
136.0,58.0
58.0,25.0
25.0,18.0
18.0,20.0
20.0,41.0
41.0,107.0
107.0,155.0
155.0,79.0
79.0,30.0
30.0,18.0
18.0,18.0
18.0,29.0
29.0,78.0
78.0,157.0
157.0,110.0
110.0,39.0
39.0,20.0
20.0,16.0
16.0,22.0
22.0,52.0
52.0,135.0
135.0,144.0
144.0,58.0
58.0,23.0
23.0,15.0
15.0,17.0
17.0,34.0
34.0,99.0
99.0,166.0
166.0,89.0
89.0,31.0
31.0,17.0
17.0,15.0
15.0,23.0
23.0,63.0
63.0,154.0
154.0,130.0
130.0,46.0
46.0,19.0
19.0,13.0
13.0,17.0
17.0,37.0
37.0,113.0
113.0,169.0
169.0,76.0
76.0,28.0
28.0,14.0
14.0,14.0
14.0,24.0
24.0,67.0
67.0,164.0
164.0,126.0
126.0,41.0
41.0,18.0
18.0,13.0
13.0,16.0
16.0,37.0
37.0,116.0
116.0,175.0
175.0,76.0
76.0,25.0
25.0,14.0
14.0,12.0
12.0,22.0
22.0,62.0
62.0,165.0
165.0,137.0
137.0,44.0
44.0,18.0
18.0,12.0
12.0,15.0
15.0,30.0
30.0,100.0
100.0,187.0
187.0,91.0
91.0,28.0
28.0,14.0
14.0,13.0
13.0,17.0
17.0,46.0
46.0,146.0
146.0,172.0
172.0,58.0
58.0,20.0
20.0,13.0
13.0,13.0
13.0,20.0
20.0,65.0
65.0,182.0
182.0,139.0
139.0,39.0
39.0,16.0
16.0,11.0
11.0,12.0
12.0,24.0
24.0,85.0
85.0,203.0
203.0,111.0
111.0,29.0
29.0,13.0
13.0,9.0
9.0,12.0
12.0,26.0
26.0,98.0
98.0,213.0
213.0,97.0
97.0,25.0
25.0,11.0
11.0,9.0
9.0,9.0
9.0,23.0
23.0,92.0
92.0,224.0
224.0,104.0
104.0,24.0
24.0,10.0
10.0,7.0
7.0,8.0
8.0,14.0
14.0,55.0
55.0,214.0
214.0,160.0
160.0,34.0
34.0,11.0
11.0,7.0
7.0,6.0
6.0,5.0
5.0,12.0
12.0,61.0
61.0,252.0
252.0,147.0
147.0,25.0
25.0,8.0
8.0,7.0
7.0,6.0
6.0,4.0
4.0,4.0
4.0,4.0
4.0,14.0
14.0,36.0
36.0,23.0
23.0,21.0
21.0,25.0
25.0,34.0
34.0,48.0
48.0,58.0
58.0,63.0
63.0,64.0
64.0,59.0
59.0,52.0
52.0,49.0
49.0,52.0
52.0,57.0
57.0,64.0
64.0,64.0
64.0,60.0
60.0,54.0
54.0,51.0
51.0,54.0
54.0,60.0
60.0,67.0
67.0,65.0
65.0,60.0
60.0,53.0
53.0,51.0
51.0,55.0
55.0,62.0
62.0,68.0
68.0,66.0
66.0,60.0
60.0,53.0
53.0,51.0
51.0,56.0
56.0,63.0
63.0,69.0
69.0,67.0
67.0,58.0
58.0,53.0
53.0,51.0
51.0,56.0
56.0,65.0
65.0,70.0
70.0,65.0
65.0,58.0
58.0,52.0
52.0,52.0
52.0,58.0
58.0,67.0
67.0,71.0
71.0,66.0
66.0,56.0
56.0,51.0
51.0,51.0
51.0,59.0
59.0,68.0
68.0,72.0
72.0,65.0
65.0,56.0
56.0,50.0
50.0,51.0
51.0,60.0
60.0,71.0
71.0,73.0
73.0,65.0
65.0,56.0
56.0,50.0
50.0,52.0
52.0,62.0
62.0,72.0
72.0,74.0
74.0,64.0
64.0,53.0
53.0,48.0
48.0,52.0
52.0,63.0
63.0,73.0
73.0,73.0
73.0,62.0
62.0,52.0
52.0,48.0
48.0,53.0
53.0,64.0
64.0,76.0
76.0,73.0
73.0,62.0
62.0,50.0
50.0,48.0
48.0,54.0
54.0,66.0
66.0,77.0
77.0,73.0
73.0,59.0
59.0,48.0
48.0,46.0
46.0,54.0
54.0,68.0
68.0,78.0
78.0,73.0
73.0,58.0
58.0,47.0
47.0,46.0
46.0,54.0
54.0,70.0
70.0,80.0
80.0,72.0
72.0,56.0
56.0,46.0
46.0,47.0
47.0,56.0
56.0,73.0
73.0,82.0
82.0,71.0
71.0,55.0
55.0,44.0
44.0,46.0
46.0,57.0
57.0,75.0
75.0,82.0
82.0,70.0
70.0,52.0
52.0,44.0
44.0,45.0
45.0,58.0
58.0,77.0
77.0,83.0
83.0,67.0
67.0,51.0
51.0,41.0
41.0,46.0
46.0,60.0
60.0,80.0
80.0,84.0
84.0,67.0
67.0,48.0
48.0,40.0
40.0,45.0
45.0,61.0
61.0,82.0
82.0,85.0
85.0,65.0
65.0,47.0
47.0,40.0
40.0,45.0
45.0,63.0
63.0,85.0
85.0,85.0
85.0,62.0
62.0,44.0
44.0,39.0
39.0,45.0
45.0,65.0
65.0,88.0
88.0,85.0
85.0,61.0
61.0,42.0
42.0,38.0
38.0,45.0
45.0,67.0
67.0,90.0
90.0,86.0
86.0,60.0
60.0,42.0
42.0,37.0
37.0,45.0
45.0,68.0
68.0,94.0
94.0,87.0
87.0,58.0
58.0,40.0
40.0,36.0
36.0,46.0
46.0,71.0
71.0,96.0
96.0,86.0
86.0,57.0
57.0,38.0
38.0,36.0
36.0,46.0
46.0,73.0
73.0,99.0
99.0,87.0
87.0,54.0
54.0,37.0
37.0,35.0
35.0,46.0
46.0,73.0
73.0,100.0
100.0,86.0
86.0,54.0
54.0,36.0
36.0,34.0
34.0,46.0
46.0,75.0
75.0,104.0
104.0,87.0
87.0,52.0
52.0,34.0
34.0,33.0
33.0,44.0
44.0,76.0
76.0,106.0
106.0,87.0
87.0,51.0
51.0,33.0
33.0,31.0
31.0,44.0
44.0,75.0
75.0,109.0
109.0,88.0
88.0,50.0
50.0,32.0
32.0,30.0
30.0,43.0
43.0,76.0
76.0,110.0
110.0,90.0
90.0,50.0
50.0,32.0
32.0,29.0
29.0,41.0
41.0,75.0
75.0,113.0
113.0,92.0
92.0,50.0
50.0,30.0
30.0,28.0
28.0,39.0
39.0,73.0
73.0,115.0
115.0,96.0
96.0,50.0
50.0,30.0
30.0,27.0
27.0,37.0
37.0,71.0
71.0,116.0
116.0,101.0
101.0,52.0
52.0,30.0
30.0,26.0
26.0,35.0
35.0,67.0
67.0,116.0
116.0,104.0
104.0,55.0
55.0,30.0
30.0,24.0
24.0,32.0
32.0,63.0
63.0,115.0
115.0,110.0
110.0,57.0
57.0,30.0
30.0,24.0
24.0,30.0
30.0,58.0
58.0,113.0
113.0,118.0
118.0,62.0
62.0,31.0
31.0,23.0
23.0,28.0
28.0,53.0
53.0,108.0
108.0,124.0
124.0,67.0
67.0,32.0
32.0,23.0
23.0,26.0
26.0,47.0
47.0,101.0
101.0,131.0
131.0,76.0
76.0,35.0
35.0,22.0
22.0,24.0
24.0,41.0
41.0,91.0
91.0,136.0
136.0,85.0
85.0,38.0
38.0,22.0
22.0,23.0
23.0,35.0
35.0,81.0
81.0,137.0
137.0,98.0
98.0,42.0
42.0,24.0
24.0,20.0
20.0,31.0
31.0,69.0
69.0,134.0
134.0,113.0
113.0,50.0
50.0,25.0
25.0,20.0
20.0,27.0
27.0,57.0
57.0,126.0
126.0,129.0
129.0,60.0
60.0,27.0
27.0,19.0
19.0,23.0
23.0,46.0
46.0,109.0
109.0,142.0
142.0,73.0
73.0,31.0
31.0,19.0
19.0,20.0
20.0,37.0
37.0,91.0
91.0,149.0
149.0,91.0
91.0,37.0
37.0,20.0
20.0,18.0
18.0,29.0
29.0,71.0
71.0,145.0
145.0,115.0
115.0,45.0
45.0,22.0
22.0,18.0
18.0,23.0
23.0,53.0
53.0,128.0
128.0,138.0
138.0,60.0
60.0,25.0
25.0,17.0
17.0,19.0
19.0,38.0
38.0,103.0
103.0,156.0
156.0,83.0
83.0,31.0
31.0,18.0
18.0,17.0
17.0,29.0
29.0,74.0
74.0,154.0
154.0,113.0
113.0,42.0
42.0,19.0
19.0,15.0
15.0,21.0
21.0,51.0
51.0,131.0
131.0,146.0
146.0,60.0
60.0,24.0
24.0,15.0
15.0,17.0
17.0,33.0
33.0,97.0
97.0,164.0
164.0,89.0
89.0,31.0
31.0,16.0
16.0,15.0
15.0,23.0
23.0,62.0
62.0,152.0
152.0,131.0
131.0,47.0
47.0,20.0
20.0,14.0
14.0,18.0
18.0,39.0
39.0,113.0
113.0,166.0
166.0,76.0
76.0,26.0
26.0,15.0
15.0,13.0
13.0,24.0
24.0,69.0
69.0,165.0
165.0,124.0
124.0,41.0
41.0,17.0
17.0,12.0
12.0,16.0
16.0,38.0
38.0,118.0
118.0,172.0
172.0,73.0
73.0,25.0
25.0,14.0
14.0,13.0
13.0,22.0
22.0,65.0
65.0,168.0
168.0,131.0
131.0,41.0
41.0,17.0
17.0,12.0
12.0,15.0
15.0,32.0
32.0,107.0
107.0,184.0
184.0,85.0
85.0,26.0
26.0,13.0
13.0,12.0
12.0,17.0
17.0,49.0
49.0,153.0
153.0,160.0
160.0,52.0
52.0,18.0
18.0,11.0
11.0,12.0
12.0,23.0
23.0,73.0
73.0,188.0
188.0,123.0
123.0,35.0
35.0,14.0
14.0,11.0
11.0,12.0
12.0,27.0
27.0,98.0
98.0,201.0
201.0,92.0
92.0,25.0
25.0,11.0
11.0,9.0
9.0,11.0
11.0,30.0
30.0,120.0
120.0,204.0
204.0,75.0
75.0,22.0
22.0,10.0
10.0,8.0
8.0,10.0
10.0,29.0
29.0,123.0
123.0,213.0
213.0,73.0
73.0,18.0
18.0,9.0
9.0,8.0
8.0,9.0
9.0,20.0
20.0,94.0
94.0,236.0
236.0,99.0
99.0,20.0
20.0,9.0
9.0,6.0
6.0,6.0
6.0,8.0
8.0,30.0
30.0,163.0
163.0,229.0
229.0,52.0
52.0,12.0
12.0,7.0
7.0,5.0
5.0,4.0
4.0,3.0
3.0,3.0
3.0,7.0
7.0,42.0
42.0,53.0
53.0,25.0
25.0,21.0
21.0,24.0
24.0,39.0
39.0,70.0
70.0,89.0
89.0,72.0
72.0,47.0
47.0,37.0
37.0,38.0
38.0,52.0
52.0,73.0
73.0,83.0
83.0,66.0
66.0,47.0
47.0,37.0
37.0,40.0
40.0,54.0
54.0,77.0
77.0,84.0
84.0,66.0
66.0,46.0
46.0,38.0
38.0,40.0
40.0,57.0
57.0,80.0
80.0,86.0
86.0,65.0
65.0,44.0
44.0,37.0
37.0,41.0
41.0,58.0
58.0,82.0
82.0,87.0
87.0,63.0
63.0,43.0
43.0,36.0
36.0,41.0
41.0,59.0
59.0,86.0
86.0,88.0
88.0,63.0
63.0,42.0
42.0,36.0
36.0,41.0
41.0,61.0
61.0,89.0
89.0,88.0
88.0,60.0
60.0,40.0
40.0,33.0
33.0,40.0
40.0,63.0
63.0,91.0
91.0,89.0
89.0,59.0
59.0,38.0
38.0,33.0
33.0,41.0
41.0,64.0
64.0,94.0
94.0,89.0
89.0,58.0
58.0,36.0
36.0,32.0
32.0,39.0
39.0,65.0
65.0,97.0
97.0,90.0
90.0,56.0
56.0,36.0
36.0,31.0
31.0,40.0
40.0,67.0
67.0,100.0
100.0,92.0
92.0,56.0
56.0,35.0
35.0,30.0
30.0,39.0
39.0,66.0
66.0,102.0
102.0,92.0
92.0,55.0
55.0,34.0
34.0,29.0
29.0,39.0
39.0,67.0
67.0,104.0
104.0,95.0
95.0,54.0
54.0,33.0
33.0,29.0
29.0,36.0
36.0,66.0
66.0,106.0
106.0,97.0
97.0,54.0
54.0,32.0
32.0,27.0
27.0,36.0
36.0,66.0
66.0,108.0
108.0,100.0
100.0,56.0
56.0,33.0
33.0,27.0
27.0,35.0
35.0,64.0
64.0,110.0
110.0,105.0
105.0,57.0
57.0,32.0
32.0,25.0
25.0,33.0
33.0,61.0
61.0,110.0
110.0,108.0
108.0,60.0
60.0,32.0
32.0,25.0
25.0,31.0
31.0,57.0
57.0,109.0
109.0,113.0
113.0,62.0
62.0,32.0
32.0,24.0
24.0,29.0
29.0,54.0
54.0,105.0
105.0,119.0
119.0,67.0
67.0,33.0
33.0,24.0
24.0,27.0
27.0,49.0
49.0,101.0
101.0,125.0
125.0,72.0
72.0,35.0
35.0,23.0
23.0,25.0
25.0,44.0
44.0,95.0
95.0,130.0
130.0,80.0
80.0,36.0
36.0,23.0
23.0,23.0
23.0,39.0
39.0,87.0
87.0,133.0
133.0,89.0
89.0,40.0
40.0,23.0
23.0,22.0
22.0,34.0
34.0,77.0
77.0,134.0
134.0,99.0
99.0,44.0
44.0,23.0
23.0,20.0
20.0,29.0
29.0,65.0
65.0,132.0
132.0,113.0
113.0,50.0
50.0,25.0
25.0,20.0
20.0,26.0
26.0,55.0
55.0,122.0
122.0,128.0
128.0,60.0
60.0,27.0
27.0,20.0
20.0,22.0
22.0,45.0
45.0,107.0
107.0,139.0
139.0,73.0
73.0,31.0
31.0,19.0
19.0,20.0
20.0,36.0
36.0,90.0
90.0,148.0
148.0,91.0
91.0,36.0
36.0,20.0
20.0,19.0
19.0,29.0
29.0,72.0
72.0,144.0
144.0,112.0
112.0,45.0
45.0,22.0
22.0,18.0
18.0,24.0
24.0,55.0
55.0,130.0
130.0,137.0
137.0,60.0
60.0,25.0
25.0,18.0
18.0,21.0
21.0,41.0
41.0,106.0
106.0,152.0
152.0,79.0
79.0,31.0
31.0,17.0
17.0,17.0
17.0,29.0
29.0,79.0
79.0,156.0
156.0,107.0
107.0,38.0
38.0,19.0
19.0,16.0
16.0,23.0
23.0,56.0
56.0,138.0
138.0,138.0
138.0,56.0
56.0,24.0
24.0,15.0
15.0,19.0
19.0,39.0
39.0,106.0
106.0,162.0
162.0,81.0
81.0,29.0
29.0,17.0
17.0,16.0
16.0,27.0
27.0,71.0
71.0,159.0
159.0,119.0
119.0,42.0
42.0,19.0
19.0,15.0
15.0,19.0
19.0,45.0
45.0,127.0
127.0,158.0
158.0,65.0
65.0,24.0
24.0,14.0
14.0,15.0
15.0,28.0
28.0,82.0
82.0,170.0
170.0,108.0
108.0,35.0
35.0,16.0
16.0,13.0
13.0,18.0
18.0,47.0
47.0,136.0
136.0,158.0
158.0,60.0
60.0,21.0
21.0,13.0
13.0,14.0
14.0,27.0
27.0,83.0
83.0,178.0
178.0,108.0
108.0,34.0
34.0,15.0
15.0,12.0
12.0,17.0
17.0,42.0
42.0,132.0
132.0,169.0
169.0,63.0
63.0,21.0
21.0,13.0
13.0,12.0
12.0,22.0
22.0,68.0
68.0,177.0
177.0,129.0
129.0,39.0
39.0,15.0
15.0,11.0
11.0,13.0
13.0,30.0
30.0,104.0
104.0,191.0
191.0,87.0
87.0,25.0
25.0,12.0
12.0,10.0
10.0,14.0
14.0,41.0
41.0,143.0
143.0,178.0
178.0,59.0
59.0,18.0
18.0,11.0
11.0,10.0
10.0,17.0
17.0,53.0
53.0,174.0
174.0,158.0
158.0,44.0
44.0,14.0
14.0,10.0
10.0,9.0
9.0,16.0
16.0,59.0
59.0,192.0
192.0,148.0
148.0,37.0
37.0,13.0
13.0,8.0
8.0,9.0
9.0,14.0
14.0,52.0
52.0,191.0
191.0,164.0
164.0,39.0
39.0,12.0
12.0,8.0
8.0,7.0
7.0,9.0
9.0,28.0
28.0,137.0
137.0,232.0
232.0,65.0
65.0,15.0
15.0,7.0
7.0,6.0
6.0,5.0
5.0,6.0
6.0,22.0
22.0,134.0
134.0,255.0
255.0,67.0
67.0,14.0
14.0,8.0
8.0,6.0
6.0,4.0
4.0,4.0
4.0,4.0
4.0,8.0
8.0,29.0
29.0,33.0
33.0,23.0
23.0,23.0
23.0,28.0
28.0,38.0
38.0,54.0
54.0,71.0
71.0,76.0
76.0,63.0
63.0,47.0
47.0,41.0
41.0,44.0
44.0,56.0
56.0,72.0
72.0,74.0
74.0,62.0
62.0,47.0
47.0,41.0
41.0,47.0
47.0,61.0
61.0,77.0
77.0,75.0
75.0,60.0
60.0,46.0
46.0,41.0
41.0,48.0
48.0,63.0
63.0,78.0
78.0,75.0
75.0,58.0
58.0,44.0
44.0,40.0
40.0,49.0
49.0,65.0
65.0,81.0
81.0,76.0
76.0,57.0
57.0,43.0
43.0,40.0
40.0,49.0
49.0,68.0
68.0,83.0
83.0,74.0
74.0,54.0
54.0,41.0
41.0,40.0
40.0,50.0
50.0,70.0
70.0,85.0
85.0,73.0
73.0,53.0
53.0,39.0
39.0,39.0
39.0,51.0
51.0,73.0
73.0,87.0
87.0,73.0
73.0,51.0
51.0,38.0
38.0,39.0
39.0,52.0
52.0,75.0
75.0,88.0
88.0,73.0
73.0,49.0
49.0,37.0
37.0,38.0
38.0,53.0
53.0,79.0
79.0,91.0
91.0,72.0
72.0,47.0
47.0,36.0
36.0,38.0
38.0,54.0
54.0,82.0
82.0,93.0
93.0,70.0
70.0,46.0
46.0,35.0
35.0,38.0
38.0,56.0
56.0,85.0
85.0,94.0
94.0,69.0
69.0,44.0
44.0,35.0
35.0,37.0
37.0,56.0
56.0,88.0
88.0,96.0
96.0,69.0
69.0,42.0
42.0,33.0
33.0,37.0
37.0,57.0
57.0,90.0
90.0,97.0
97.0,68.0
68.0,41.0
41.0,32.0
32.0,37.0
37.0,58.0
58.0,94.0
94.0,100.0
100.0,67.0
67.0,41.0
41.0,32.0
32.0,36.0
36.0,58.0
58.0,95.0
95.0,102.0
102.0,66.0
66.0,39.0
39.0,30.0
30.0,35.0
35.0,57.0
57.0,96.0
96.0,104.0
104.0,66.0
66.0,38.0
38.0,30.0
30.0,34.0
34.0,57.0
57.0,98.0
98.0,107.0
107.0,68.0
68.0,38.0
38.0,28.0
28.0,33.0
33.0,55.0
55.0,99.0
99.0,110.0
110.0,68.0
68.0,37.0
37.0,27.0
27.0,32.0
32.0,54.0
54.0,99.0
99.0,113.0
113.0,70.0
70.0,38.0
38.0,26.0
26.0,30.0
30.0,51.0
51.0,96.0
96.0,116.0
116.0,72.0
72.0,37.0
37.0,25.0
25.0,28.0
28.0,49.0
49.0,95.0
95.0,120.0
120.0,76.0
76.0,37.0
37.0,25.0
25.0,26.0
26.0,44.0
44.0,91.0
91.0,124.0
124.0,81.0
81.0,38.0
38.0,24.0
24.0,24.0
24.0,40.0
40.0,86.0
86.0,128.0
128.0,87.0
87.0,41.0
41.0,24.0
24.0,24.0
24.0,37.0
37.0,80.0
80.0,129.0
129.0,95.0
95.0,44.0
44.0,24.0
24.0,23.0
23.0,33.0
33.0,72.0
72.0,128.0
128.0,105.0
105.0,48.0
48.0,25.0
25.0,22.0
22.0,29.0
29.0,62.0
62.0,125.0
125.0,116.0
116.0,55.0
55.0,27.0
27.0,21.0
21.0,26.0
26.0,54.0
54.0,117.0
117.0,128.0
128.0,63.0
63.0,29.0
29.0,20.0
20.0,24.0
24.0,45.0
45.0,105.0
105.0,138.0
138.0,75.0
75.0,33.0
33.0,21.0
21.0,21.0
21.0,37.0
37.0,90.0
90.0,144.0
144.0,91.0
91.0,36.0
36.0,20.0
20.0,20.0
20.0,32.0
32.0,75.0
75.0,143.0
143.0,110.0
110.0,45.0
45.0,23.0
23.0,19.0
19.0,26.0
26.0,59.0
59.0,132.0
132.0,129.0
129.0,56.0
56.0,26.0
26.0,19.0
19.0,22.0
22.0,45.0
45.0,113.0
113.0,146.0
146.0,72.0
72.0,29.0
29.0,18.0
18.0,19.0
19.0,34.0
34.0,88.0
88.0,154.0
154.0,96.0
96.0,36.0
36.0,19.0
19.0,17.0
17.0,26.0
26.0,65.0
65.0,146.0
146.0,124.0
124.0,48.0
48.0,21.0
21.0,16.0
16.0,20.0
20.0,46.0
46.0,121.0
121.0,151.0
151.0,68.0
68.0,26.0
26.0,16.0
16.0,17.0
17.0,32.0
32.0,89.0
89.0,162.0
162.0,98.0
98.0,35.0
35.0,18.0
18.0,15.0
15.0,23.0
23.0,57.0
57.0,145.0
145.0,136.0
136.0,50.0
50.0,21.0
21.0,14.0
14.0,17.0
17.0,36.0
36.0,107.0
107.0,165.0
165.0,80.0
80.0,28.0
28.0,15.0
15.0,14.0
14.0,24.0
24.0,68.0
68.0,161.0
161.0,125.0
125.0,42.0
42.0,19.0
19.0,13.0
13.0,17.0
17.0,39.0
39.0,119.0
119.0,168.0
168.0,72.0
72.0,24.0
24.0,14.0
14.0,13.0
13.0,24.0
24.0,68.0
68.0,168.0
168.0,125.0
125.0,40.0
40.0,17.0
17.0,12.0
12.0,15.0
15.0,36.0
36.0,115.0
115.0,178.0
178.0,76.0
76.0,25.0
25.0,13.0
13.0,12.0
12.0,20.0
20.0,57.0
57.0,164.0
164.0,145.0
145.0,46.0
46.0,18.0
18.0,12.0
12.0,13.0
13.0,27.0
27.0,90.0
90.0,190.0
190.0,101.0
101.0,29.0
29.0,13.0
13.0,11.0
11.0,14.0
14.0,37.0
37.0,128.0
128.0,188.0
188.0,69.0
69.0,21.0
21.0,12.0
12.0,10.0
10.0,16.0
16.0,48.0
48.0,161.0
161.0,169.0
169.0,51.0
51.0,17.0
17.0,10.0
10.0,9.0
9.0,16.0
16.0,55.0
55.0,182.0
182.0,158.0
158.0,42.0
42.0,14.0
14.0,9.0
9.0,8.0
8.0,14.0
14.0,51.0
51.0,186.0
186.0,169.0
169.0,42.0
42.0,14.0
14.0,8.0
8.0,8.0
8.0,9.0
9.0,31.0
31.0,146.0
146.0,224.0
224.0,60.0
60.0,15.0
15.0,8.0
8.0,7.0
7.0,7.0
7.0,9.0
9.0,36.0
36.0,190.0
190.0,215.0
215.0,42.0
42.0,11.0
11.0,7.0
7.0,5.0
5.0,4.0
4.0,4.0
4.0,3.0
3.0,5.0
5.0,16.0
16.0,11.0
11.0,7.0
7.0,10.0
10.0,17.0
17.0,28.0
28.0,38.0
38.0,46.0
46.0,54.0
54.0,63.0
63.0,66.0
66.0,59.0
59.0,51.0
51.0,46.0
46.0,50.0
50.0,57.0
57.0,65.0
65.0,66.0
66.0,59.0
59.0,52.0
52.0,47.0
47.0,51.0
51.0,58.0
58.0,66.0
66.0,67.0
67.0,58.0
58.0,52.0
52.0,48.0
48.0,52.0
52.0,61.0
61.0,68.0
68.0,67.0
67.0,59.0
59.0,51.0
51.0,48.0
48.0,52.0
52.0,63.0
63.0,70.0
70.0,68.0
68.0,58.0
58.0,50.0
50.0,48.0
48.0,54.0
54.0,65.0
65.0,71.0
71.0,67.0
67.0,56.0
56.0,48.0
48.0,47.0
47.0,55.0
55.0,67.0
67.0,74.0
74.0,68.0
68.0,55.0
55.0,48.0
48.0,49.0
49.0,57.0
57.0,69.0
69.0,73.0
73.0,67.0
67.0,54.0
54.0,47.0
47.0,48.0
48.0,59.0
59.0,71.0
71.0,74.0
74.0,66.0
66.0,53.0
53.0,47.0
47.0,49.0
49.0,60.0
60.0,72.0
72.0,77.0
77.0,65.0
65.0,52.0
52.0,46.0
46.0,50.0
50.0,62.0
62.0,75.0
75.0,77.0
77.0,63.0
63.0,51.0
51.0,45.0
45.0,50.0
50.0,64.0
64.0,78.0
78.0,78.0
78.0,63.0
63.0,49.0
49.0,44.0
44.0,50.0
50.0,66.0
66.0,79.0
79.0,76.0
76.0,61.0
61.0,47.0
47.0,44.0
44.0,52.0
52.0,68.0
68.0,82.0
82.0,76.0
76.0,60.0
60.0,46.0
46.0,43.0
43.0,53.0
53.0,69.0
69.0,84.0
84.0,77.0
77.0,57.0
57.0,45.0
45.0,43.0
43.0,54.0
54.0,73.0
73.0,87.0
87.0,76.0
76.0,56.0
56.0,43.0
43.0,42.0
42.0,55.0
55.0,76.0
76.0,88.0
88.0,75.0
75.0,54.0
54.0,42.0
42.0,42.0
42.0,55.0
55.0,78.0
78.0,90.0
90.0,73.0
73.0,51.0
51.0,40.0
40.0,41.0
41.0,56.0
56.0,80.0
80.0,92.0
92.0,73.0
73.0,50.0
50.0,39.0
39.0,41.0
41.0,58.0
58.0,84.0
84.0,93.0
93.0,71.0
71.0,47.0
47.0,38.0
38.0,41.0
41.0,58.0
58.0,86.0
86.0,94.0
94.0,69.0
69.0,46.0
46.0,37.0
37.0,40.0
40.0,59.0
59.0,89.0
89.0,95.0
95.0,68.0
68.0,44.0
44.0,35.0
35.0,39.0
39.0,60.0
60.0,91.0
91.0,96.0
96.0,67.0
67.0,42.0
42.0,34.0
34.0,38.0
38.0,60.0
60.0,94.0
94.0,99.0
99.0,66.0
66.0,41.0
41.0,33.0
33.0,38.0
38.0,61.0
61.0,96.0
96.0,100.0
100.0,66.0
66.0,40.0
40.0,31.0
31.0,37.0
37.0,61.0
61.0,98.0
98.0,102.0
102.0,65.0
65.0,38.0
38.0,31.0
31.0,37.0
37.0,61.0
61.0,100.0
100.0,104.0
104.0,65.0
65.0,37.0
37.0,30.0
30.0,36.0
36.0,60.0
60.0,102.0
102.0,107.0
107.0,65.0
65.0,37.0
37.0,29.0
29.0,36.0
36.0,59.0
59.0,103.0
103.0,110.0
110.0,67.0
67.0,37.0
37.0,28.0
28.0,32.0
32.0,57.0
57.0,102.0
102.0,114.0
114.0,69.0
69.0,37.0
37.0,27.0
27.0,32.0
32.0,54.0
54.0,102.0
102.0,118.0
118.0,71.0
71.0,37.0
37.0,27.0
27.0,29.0
29.0,51.0
51.0,99.0
99.0,122.0
122.0,76.0
76.0,38.0
38.0,26.0
26.0,28.0
28.0,47.0
47.0,95.0
95.0,126.0
126.0,79.0
79.0,39.0
39.0,25.0
25.0,27.0
27.0,43.0
43.0,90.0
90.0,130.0
130.0,88.0
88.0,41.0
41.0,25.0
25.0,25.0
25.0,39.0
39.0,81.0
81.0,132.0
132.0,95.0
95.0,44.0
44.0,26.0
26.0,24.0
24.0,34.0
34.0,74.0
74.0,131.0
131.0,106.0
106.0,50.0
50.0,27.0
27.0,21.0
21.0,30.0
30.0,64.0
64.0,127.0
127.0,117.0
117.0,55.0
55.0,27.0
27.0,20.0
20.0,27.0
27.0,55.0
55.0,118.0
118.0,129.0
129.0,64.0
64.0,29.0
29.0,21.0
21.0,24.0
24.0,46.0
46.0,105.0
105.0,140.0
140.0,76.0
76.0,32.0
32.0,20.0
20.0,21.0
21.0,37.0
37.0,90.0
90.0,146.0
146.0,91.0
91.0,38.0
38.0,21.0
21.0,20.0
20.0,31.0
31.0,74.0
74.0,143.0
143.0,111.0
111.0,46.0
46.0,22.0
22.0,19.0
19.0,25.0
25.0,57.0
57.0,132.0
132.0,131.0
131.0,57.0
57.0,26.0
26.0,18.0
18.0,22.0
22.0,43.0
43.0,111.0
111.0,149.0
149.0,74.0
74.0,30.0
30.0,19.0
19.0,19.0
19.0,33.0
33.0,87.0
87.0,155.0
155.0,99.0
99.0,37.0
37.0,20.0
20.0,17.0
17.0,25.0
25.0,62.0
62.0,144.0
144.0,129.0
129.0,51.0
51.0,23.0
23.0,16.0
16.0,20.0
20.0,44.0
44.0,117.0
117.0,156.0
156.0,71.0
71.0,28.0
28.0,17.0
17.0,17.0
17.0,30.0
30.0,83.0
83.0,162.0
162.0,105.0
105.0,36.0
36.0,18.0
18.0,15.0
15.0,22.0
22.0,54.0
54.0,140.0
140.0,144.0
144.0,55.0
55.0,23.0
23.0,15.0
15.0,17.0
17.0,34.0
34.0,100.0
100.0,169.0
169.0,88.0
88.0,30.0
30.0,16.0
16.0,14.0
14.0,22.0
22.0,62.0
62.0,155.0
155.0,135.0
135.0,48.0
48.0,19.0
19.0,14.0
14.0,16.0
16.0,35.0
35.0,108.0
108.0,175.0
175.0,82.0
82.0,27.0
27.0,15.0
15.0,14.0
14.0,21.0
21.0,61.0
61.0,161.0
161.0,139.0
139.0,45.0
45.0,18.0
18.0,12.0
12.0,15.0
15.0,31.0
31.0,99.0
99.0,183.0
183.0,90.0
90.0,28.0
28.0,13.0
13.0,12.0
12.0,17.0
17.0,47.0
47.0,148.0
148.0,162.0
162.0,55.0
55.0,19.0
19.0,11.0
11.0,12.0
12.0,22.0
22.0,73.0
73.0,185.0
185.0,123.0
123.0,35.0
35.0,14.0
14.0,10.0
10.0,12.0
12.0,28.0
28.0,102.0
102.0,198.0
198.0,89.0
89.0,24.0
24.0,12.0
12.0,10.0
10.0,12.0
12.0,35.0
35.0,129.0
129.0,197.0
197.0,68.0
68.0,20.0
20.0,10.0
10.0,9.0
9.0,12.0
12.0,36.0
36.0,142.0
142.0,198.0
198.0,61.0
61.0,18.0
18.0,10.0
10.0,9.0
9.0,10.0
10.0,30.0
30.0,130.0
130.0,221.0
221.0,70.0
70.0,18.0
18.0,9.0
9.0,8.0
8.0,8.0
8.0,14.0
14.0,69.0
69.0,238.0
238.0,136.0
136.0,26.0
26.0,10.0
10.0,7.0
7.0,6.0
6.0,5.0
5.0,8.0
8.0,37.0
37.0,209.0
209.0,200.0
200.0,39.0
39.0,11.0
11.0,8.0
8.0,5.0
5.0,6.0
6.0,11.0
11.0,52.0
52.0,181.0
181.0,149.0
149.0,42.0
42.0,16.0
16.0,11.0
11.0,15.0
15.0,35.0
35.0,111.0
111.0,174.0
174.0,76.0
76.0,25.0
25.0,13.0
13.0,13.0
13.0,24.0
24.0,68.0
68.0,164.0
164.0,124.0
124.0,41.0
41.0,17.0
17.0,13.0
13.0,17.0
17.0,39.0
39.0,120.0
120.0,167.0
167.0,71.0
71.0,24.0
24.0,13.0
13.0,13.0
13.0,22.0
22.0,69.0
69.0,169.0
169.0,124.0
124.0,39.0
39.0,16.0
16.0,12.0
12.0,14.0
14.0,36.0
36.0,115.0
115.0,178.0
178.0,74.0
74.0,24.0
24.0,12.0
12.0,10.0
10.0,19.0
19.0,57.0
57.0,164.0
164.0,144.0
144.0,45.0
45.0,17.0
17.0,11.0
11.0,12.0
12.0,26.0
26.0,90.0
90.0,191.0
191.0,101.0
101.0,29.0
29.0,12.0
12.0,11.0
11.0,14.0
14.0,35.0
35.0,126.0
126.0,189.0
189.0,70.0
70.0,20.0
20.0,11.0
11.0,9.0
9.0,16.0
16.0,46.0
46.0,158.0
158.0,174.0
174.0,53.0
53.0,17.0
17.0,10.0
10.0,9.0
9.0,15.0
15.0,51.0
51.0,177.0
177.0,165.0
165.0,44.0
44.0,14.0
14.0,9.0
9.0,9.0
9.0,13.0
13.0,45.0
45.0,175.0
175.0,182.0
182.0,45.0
45.0,13.0
13.0,8.0
8.0,7.0
7.0,9.0
9.0,25.0
25.0,120.0
120.0,239.0
239.0,77.0
77.0,18.0
18.0,9.0
9.0,7.0
7.0,6.0
6.0,6.0
6.0,21.0
21.0,123.0
123.0,255.0
255.0,74.0
74.0,15.0
15.0,8.0
8.0,6.0
6.0,5.0
5.0,5.0
5.0,4.0
4.0,5.0
5.0,16.0
16.0,19.0
19.0,11.0
11.0,13.0
13.0,19.0
19.0,31.0
31.0,46.0
46.0,66.0
66.0,76.0
76.0,67.0
67.0,51.0
51.0,43.0
43.0,45.0
45.0,56.0
56.0,70.0
70.0,73.0
73.0,64.0
64.0,50.0
50.0,44.0
44.0,47.0
47.0,59.0
59.0,74.0
74.0,76.0
76.0,61.0
61.0,49.0
49.0,42.0
42.0,48.0
48.0,62.0
62.0,75.0
75.0,75.0
75.0,61.0
61.0,47.0
47.0,42.0
42.0,49.0
49.0,63.0
63.0,78.0
78.0,75.0
75.0,59.0
59.0,45.0
45.0,42.0
42.0,49.0
49.0,66.0
66.0,80.0
80.0,75.0
75.0,57.0
57.0,44.0
44.0,41.0
41.0,51.0
51.0,68.0
68.0,83.0
83.0,74.0
74.0,55.0
55.0,42.0
42.0,40.0
40.0,52.0
52.0,72.0
72.0,85.0
85.0,73.0
73.0,53.0
53.0,41.0
41.0,40.0
40.0,51.0
51.0,73.0
73.0,86.0
86.0,73.0
73.0,51.0
51.0,40.0
40.0,40.0
40.0,53.0
53.0,75.0
75.0,89.0
89.0,72.0
72.0,50.0
50.0,39.0
39.0,41.0
41.0,54.0
54.0,79.0
79.0,90.0
90.0,71.0
71.0,48.0
48.0,37.0
37.0,40.0
40.0,55.0
55.0,82.0
82.0,92.0
92.0,69.0
69.0,45.0
45.0,36.0
36.0,39.0
39.0,56.0
56.0,86.0
86.0,94.0
94.0,68.0
68.0,45.0
45.0,36.0
36.0,40.0
40.0,57.0
57.0,89.0
89.0,95.0
95.0,68.0
68.0,43.0
43.0,34.0
34.0,39.0
39.0,58.0
58.0,90.0
90.0,97.0
97.0,67.0
67.0,42.0
42.0,34.0
34.0,39.0
39.0,60.0
60.0,94.0
94.0,98.0
98.0,66.0
66.0,40.0
40.0,32.0
32.0,38.0
38.0,61.0
61.0,95.0
95.0,100.0
100.0,66.0
66.0,40.0
40.0,33.0
33.0,37.0
37.0,59.0
59.0,98.0
98.0,102.0
102.0,65.0
65.0,38.0
38.0,30.0
30.0,36.0
36.0,61.0
61.0,100.0
100.0,104.0
104.0,65.0
65.0,37.0
37.0,29.0
29.0,35.0
35.0,60.0
60.0,100.0
